0.725
0.723
0.726
0.714
0.725
0.725
0.726
0.729
0.721
0.722
0.725
0.719
0.725
0.725
0.724
0.724
0.723
0.729
0.721
0.725
0.725
0.729
0.722
0.724
0.727
0.723
0.724
0.724
0.723
0.723
0.73
0.723
0.729
0.73
0.725
0.726
0.728
0.727
0.725
0.724
0.725
0.723
0.728
0.732
0.727
0.725
0.723
0.726
0.722
0.73
0.728
0.728
0.723
0.725
0.728
0.722
0.723
0.725
0.725
0.725
0.72
0.724
0.731
0.727
0.72
0.726
0.731
0.727
0.722
0.725
0.729
0.722
0.72
0.72
0.734
0.729
0.72
0.722
0.73
0.727
0.729
0.725
0.731
0.728
0.725
0.724
0.721
0.734
0.724
0.732
0.728
0.731
0.73
0.725
0.724
0.73
0.726
0.723
0.724
0.728
0.722
0.72
0.722
0.727
0.729
0.735
0.721
0.724
0.724
0.723
0.72
0.724
0.727
0.725
0.724
0.726
0.726
0.724
0.727
0.726
0.722
0.727
0.728
0.729
0.727
0.726
0.72
0.727
0.726
0.72
0.719
0.721
0.721
0.723
0.717
0.712
0.667
0.668
0.667
0.671
0.673
0.661
0.662
0.667
0.662
0.664
0.669
0.666
0.664
0.66
0.669
0.667
0.662
0.668
0.664
0.661
0.667
0.663
0.667
0.659
0.667
0.663
0.666
0.669
0.663
0.606
0.508
0.429
0.341
0.336
0.338
0.342
0.335
0.34
0.341
0.344
0.345
0.347
0.343
0.346
0.347
0.346
0.341
0.342
0.351
0.351
0.35
0.352
0.356
0.567
0.672
0.673
0.667
0.67
0.675
0.668
0.666
0.671
0.671
0.671
0.668
0.675
0.672
0.669
0.669
0.674
0.671
0.67
0.674
0.672
0.672
0.668
0.673
0.677
0.672
0.681
0.676
0.68
0.681
0.679
0.678
0.683
0.681
0.68
0.685
0.68
0.686
0.679
0.682
0.68
0.68
0.677
0.684
0.686
0.684
0.685
0.69
0.689
0.686
0.682
0.684
0.686
0.683
0.684
0.691
0.69
0.69
0.696
0.688
0.693
0.69
0.695
0.69
0.691
0.695
0.692
0.696
0.691
0.69
0.695
0.692
0.694
0.665
0.514
0.402
0.377
0.375
0.382
0.38
0.376
0.378
0.38
0.386
0.381
0.385
0.382
0.384
0.383
0.392
0.391
0.394
0.473
0.703
0.709
0.709
0.706
0.704
0.708
0.706
0.71
0.711
0.709
0.71
0.709
0.708
0.716
0.716
0.711
0.711
0.715
0.716
0.716
0.714
0.724
0.718
0.716
0.713
0.713
0.718
0.715
0.718
0.714
0.719
0.719
0.723
0.726
0.718
0.728
0.726
0.725
0.732
0.729
0.727
0.735
0.727
0.722
0.731
0.729
0.731
0.729
0.729
0.727
0.725
0.73
0.731
0.735
0.733
0.732
0.742
0.733
0.74
0.734
0.736
0.734
0.734
0.738
0.738
0.735
0.74
0.743
0.737
0.737
0.739
0.739
0.744
0.738
0.739
0.739
0.736
0.739
0.741
0.737
0.741
0.733
0.734
0.733
0.732
0.732
0.738
0.736
0.737
0.737
0.736
0.737
0.744
0.733
0.743
0.732
0.74
0.733
0.731
0.742
0.737
0.734
0.745
0.738
0.742
0.736
0.738
0.73
0.733
0.736
0.739
0.739
0.737
0.733
0.732
0.737
0.738
0.732
0.738
0.73
0.733
0.738
0.736
0.731
0.73
0.737
0.741
0.735
0.738
0.736
0.73
0.737
0.735
0.731
0.741
0.737
0.738
0.733
0.737
0.734
0.733
0.735
0.735
0.735
0.732
0.731
0.734
0.739
0.738
0.735
0.734
0.732
0.734
0.734
0.733
0.731
0.735
0.733
0.737
0.739
0.733
0.74
0.738
0.744
0.738
0.732
0.736
0.743
0.735
0.734
0.738
0.735
0.742
0.741
0.735
0.736
0.738
0.735
0.735
0.735
0.74
0.734
0.74
0.741
0.741
0.734
0.734
0.729
0.732
0.738
0.737
0.723
0.688
0.678
0.678
0.684
0.685
0.687
0.683
0.679
0.685
0.676
0.681
0.681
0.685
0.681
0.68
0.682
0.683
0.684
0.687
0.681
0.676
0.685
0.686
0.684
0.686
0.677
0.687
0.681
0.687
0.655
0.551
0.496
0.418
0.354
0.355
0.353
0.356
0.357
0.352
0.356
0.359
0.363
0.361
0.363
0.358
0.367
0.362
0.361
0.363
0.368
0.368
0.37
0.369
0.381
0.683
0.687
0.698
0.69
0.695
0.69
0.695
0.692
0.696
0.694
0.691
0.693
0.681
0.691
0.697
0.694
0.69
0.694
0.689
0.693
0.688
0.698
0.693
0.691
0.698
0.696
0.702
0.699
0.703
0.693
0.7
0.69
0.692
0.69
0.701
0.695
0.702
0.698
0.701
0.699
0.697
0.702
0.7
0.699
0.705
0.699
0.701
0.706
0.704
0.697
0.697
0.701
0.702
0.698
0.704
0.707
0.702
0.706
0.7
0.705
0.709
0.703
0.706
0.703
0.706
0.71
0.7
0.703
0.702
0.708
0.698
0.708
0.704
0.693
0.557
0.445
0.39
0.388
0.383
0.385
0.395
0.389
0.392
0.386
0.393
0.391
0.388
0.391
0.396
0.393
0.401
0.396
0.403
0.709
0.718
0.714
0.706
0.719
0.708
0.714
0.711
0.718
0.711
0.712
0.712
0.714
0.717
0.714
0.72
0.716
0.717
0.718
0.718
0.719
0.724
0.715
0.722
0.714
0.721
0.719
0.717
0.722
0.721
0.72
0.723
0.719
0.723
0.721
0.726
0.725
0.721
0.726
0.72
0.722
0.726
0.73
0.725
0.726
0.729
0.729
0.726
0.729
0.726
0.73
0.733
0.726
0.732
0.73
0.722
0.727
0.733
0.73
0.73
0.735
0.729
0.731
0.728
0.736
0.731
0.73
0.732
0.737
0.731
0.734
0.735
0.729
0.731
0.736
0.734
0.739
0.73
0.732
0.729
0.731
0.731
0.73
0.736
0.737
0.737
0.735
0.734
0.734
0.74
0.732
0.733
0.734
0.738
0.736
0.736
0.728
0.734
0.732
0.735
0.731
0.731
0.733
0.73
0.727
0.735
0.727
0.731
0.731
0.733
0.735
0.73
0.737
0.734
0.732
0.727
0.737
0.731
0.729
0.728
0.733
0.73
0.725
0.735
0.729
0.725
0.725
0.731
0.726
0.73
0.731
0.731
0.729
0.728
0.73
0.725
0.726
0.733
0.724
0.726
0.727
0.731
0.728
0.729
0.719
0.733
0.731
0.732
0.725
0.729
0.727
0.733
0.731
0.728
0.724
0.731
0.73
0.721
0.727
0.727
0.733
0.73
0.731
0.731
0.727
0.726
0.727
0.729
0.728
0.727
0.723
0.731
0.724
0.732
0.725
0.722
0.725
0.723
0.722
0.715
0.716
0.716
0.719
0.708
0.676
0.665
0.664
0.661
0.658
0.665
0.659
0.662
0.664
0.66
0.662
0.661
0.661
0.661
0.665
0.66
0.666
0.654
0.662
0.659
0.663
0.657
0.66
0.658
0.66
0.66
0.661
0.655
0.654
0.646
0.356
0.342
0.339
0.341
0.342
0.339
0.342
0.335
0.334
0.332
0.34
0.335
0.334
0.33
0.328
0.334
0.327
0.33
0.325
0.329
0.326
0.406
0.639
0.646
0.65
0.646
0.65
0.648
0.643
0.648
0.645
0.645
0.646
0.642
0.644
0.648
0.645
0.645
0.643
0.648
0.635
0.645
0.646
0.635
0.637
0.64
0.634
0.635
0.631
0.631
0.634
0.626
0.628
0.633
0.632
0.633
0.626
0.635
0.624
0.628
0.621
0.629
0.627
0.628
0.627
0.618
0.614
0.617
0.625
0.619
0.613
0.618
0.613
0.612
0.612
0.616
0.613
0.613
0.615
0.611
0.611
0.613
0.603
0.608
0.603
0.602
0.606
0.6
0.603
0.609
0.594
0.595
0.605
0.601
0.594
0.594
0.594
0.591
0.586
0.593
0.515
0.277
0.271
0.269
0.278
0.269
0.276
0.271
0.268
0.264
0.271
0.274
0.275
0.261
0.269
0.27
0.273
0.265
0.559
0.567
0.573
0.563
0.567
0.566
0.565
0.561
0.56
0.556
0.562
0.552
0.556
0.558
0.559
0.546
0.552
0.554
0.548
0.548
0.555
0.543
0.542
0.538
0.549
0.541
0.532
0.532
0.54
0.533
0.533
0.529
0.533
0.529
0.529
0.528
0.523
0.527
0.526
0.521
0.527
0.529
0.523
0.515
0.515
0.515
0.513
0.519
0.517
0.515
0.51
0.517
0.509
0.511
0.516
0.514
0.515
0.509
0.513
0.509
0.517
0.514
0.512
0.516
0.514
0.508
0.513
0.515
0.51
0.519
0.517
0.518
0.511
0.515
0.525
0.517
0.507
0.51
0.52
0.511
0.512
0.515
0.519
0.518
0.51
0.516
0.513
0.508
0.512
0.517
0.518
0.514
0.513
0.513
0.516
0.515
0.517
0.513
0.51
0.513
0.517
0.513
0.512
0.511
0.513
0.509
0.511
0.514
0.517
0.512
0.521
0.518
0.51
0.509
0.513
0.514
0.519
0.518
0.513
0.513
0.507
0.514
0.515
0.512
0.515
0.514
0.52
0.513
0.514
0.513
0.513
0.514
0.507
0.517
0.516
0.523
0.515
0.514
0.513
0.512
0.511
0.511
0.51
0.512
0.522
0.511
0.513
0.509
0.509
0.513
0.516
0.513
0.513
0.514
0.51
0.518
0.518
0.508
0.517
0.51
0.51
0.515
0.513
0.519
0.522
0.513
0.514
0.513
0.509
0.521
0.516
0.512
0.515
0.517
0.51
0.518
0.519
0.516
0.512
0.512
0.516
0.515
0.513
0.517
0.511
0.515
0.517
0.512
0.515
0.517
0.521
0.517
0.518
0.514
0.516
0.508
0.512
0.513
0.52
0.511
0.514
0.52
0.511
0.514
0.509
0.515
0.515
0.512
0.517
0.519
0.511
0.517
0.518
0.509
0.518
0.516
0.517
0.519
0.513
0.516
0.504
0.52
0.508
0.515
0.517
0.515
0.513
0.521
0.515
0.513
0.511
0.511
0.518
0.514
0.517
0.513
0.512
0.516
0.51
0.514
0.519
0.519
0.512
0.518
0.514
0.513
0.513
0.51
0.516
0.509
0.516
0.517
0.516
0.515
0.516
0.516
0.515
0.517
0.51
0.517
0.514
0.509
0.511
0.516
0.514
0.518
0.519
0.516
0.516
0.514
0.516
0.521
0.514
0.515
0.52
0.52
0.513
0.519
0.517
0.512
0.51
0.514
0.51
0.516
0.512
0.516
0.515
0.515
0.516
0.513
0.522
0.513
0.511
0.508
0.517
0.515
0.512
0.517
0.511
0.516
0.517
0.52
0.52
0.515
0.514
0.516
0.517
0.516
0.512
0.51
0.517
0.511
0.522
0.514
0.519
0.52
0.518
0.511
0.521
0.512
0.518
0.511
0.513
0.515
0.516
0.511
0.514
0.513
0.515
0.517
0.511
0.522
0.518
0.513
0.511
0.522
0.514
0.513
0.517
0.519
0.513
0.515
0.515
0.513
0.517
0.513
0.511
0.51
0.511
0.524
0.52
0.51
0.519
0.517
0.516
0.512
0.519
0.517
0.517
0.518
0.512
0.518
0.511
0.517
0.516
0.514
0.511
0.514
0.51
0.513
0.509
0.52
0.518
0.516
0.518
0.511
0.513
0.51
0.512
0.52
0.518
0.52
0.518
0.517
0.519
0.518
0.511
0.516
0.514
0.523
0.512
0.516
0.516
0.513
0.517
0.514
0.515
0.512
0.508
0.511
0.511
0.511
0.517
0.511
0.506
0.519
0.508
0.514
0.515
0.514
0.513
0.511
0.514
0.511
0.516
0.517
0.51
0.52
0.514
0.513
0.515
0.51
0.511
0.516
0.512
0.511
0.51
0.516
0.514
0.516
0.518
0.514
0.515
0.515
0.516
0.522
0.518
0.512
0.517
0.515
0.51
0.511
0.521
0.521
0.52
0.511
0.514
0.509
0.519
0.516
0.515
0.511
0.516
0.516
0.518
0.513
0.517
0.517
0.52
0.522
0.517
0.514
0.513
0.512
0.512
0.52
0.515
0.514
0.516
0.514
0.508
0.518
0.514
0.517
0.51
0.522
0.518
0.515
0.512
0.516
0.519
0.514
0.511
0.515
0.514
0.516
0.52
0.517
0.509
0.517
0.517
0.511
0.516
0.517
0.507
0.515
0.513
0.511
0.517
0.525
0.519
0.516
0.507
0.519
0.52
0.519
0.514
0.511
0.511
0.511
0.518
0.514
0.524
0.513
0.514
0.509
0.517
0.513
0.515
0.513
0.514
0.508
0.521
0.509
0.515
0.513
0.514
0.517
0.508
0.51
0.516
0.507
0.514
0.517
0.511
0.521
0.515
0.514
0.514
0.511
0.516
0.514
0.51
0.515
0.51
0.511
0.517
0.516
0.52
0.518
0.516
0.513
0.511
0.506
0.517
0.514
0.511
0.514
0.513
0.511
0.514
0.512
0.518
0.516
0.511
0.514
0.515
0.508
0.517
0.513
0.522
0.512
0.51
0.509
0.514
0.512
0.517
0.518
0.512
0.519
0.518
0.516
0.514
0.515
0.513
0.513
0.514
0.521
0.513
0.513
0.518
0.513
0.517
0.515
0.52
0.511
0.516
0.509
0.513
0.517
0.512
0.514
0.516
0.514
0.514
0.516
0.521
0.514
0.513
0.513
0.516
0.513
0.513
0.515
0.516
0.514
0.512
0.51
0.517
0.524
0.517
0.522
0.512
0.518
0.514
0.514
0.513
0.516
0.512
0.512
0.516
0.518
0.514
0.511
0.516
0.517
0.513
0.512
0.513
0.515
0.518
0.516
0.514
0.514
0.519
0.508
0.513
0.514
0.512
0.518
0.517
0.516
0.513
0.514
0.515
0.512
0.515
0.517
0.512
0.516
0.515
0.516
0.511
0.514
0.51
0.517
0.514
0.522
0.51
0.512
0.509
0.514
0.515
0.515
0.511
0.519
0.51
0.505
0.516
0.512
0.513
0.515
0.518
0.512
0.509
0.514
0.514
0.515
0.511
0.51
0.518
0.513
0.514
0.514
0.515
0.511
0.508
0.513
0.516
0.512
0.516
0.512
0.51
0.515
0.513
0.516
0.512
0.521
0.52
0.517
0.509
0.519
0.515
0.516
0.519
0.511
0.513
0.513
0.515
0.518
0.511
0.513
0.514
0.517
0.514
0.516
0.513
0.513
0.509
0.516
0.515
0.514
0.508
0.517
0.514
0.514
0.517
0.518
0.515
0.52
0.512
0.511
0.514
0.511
0.513
0.515
0.514
0.514
0.516
0.508
0.509
0.514
0.515
0.513
0.52
0.51
0.511
0.514
0.518
0.512
0.514
0.512
0.513
0.516
0.516
0.513
0.513
0.515
0.511
0.512
0.516
0.513
0.511
0.515
0.517
0.513
0.514
0.515
0.514
0.512
0.515
0.515
0.521
0.518
0.508
0.516
0.508
0.515
0.515
0.513
0.513
0.513
0.515
0.516
0.516
0.516
0.516
0.516
0.522
0.513
0.515
0.515
0.514
0.513
0.513
0.513
0.513
0.518
0.511
0.518
0.517
0.515
0.525
0.512
0.519
0.511
0.513
0.519
0.516
0.51
0.511
0.51
0.515
0.518
0.516
0.514
0.516
0.514
0.52
0.514
0.511
0.517
0.513
0.513
0.511
0.517
0.515
0.519
0.517
0.517
0.522
0.521
0.518
0.513
0.515
0.517
0.517
0.511
0.517
0.515
0.517
0.517
0.513
0.511
0.509
0.514
0.515
0.51
0.515
0.508
0.508
0.509
0.505
0.508
0.51
0.506
0.505
0.508
0.506
0.515
0.513
0.517
0.525
0.517
0.524
0.525
0.535
0.533
0.538
0.546
0.551
0.557
0.564
0.563
0.578
0.585
0.596
0.593
0.602
0.608
0.613
0.621
0.63
0.632
0.64
0.64
0.647
0.653
0.658
0.659
0.659
0.67
0.672
0.681
0.681
0.685
0.678
0.661
0.668
0.673
0.686
0.685
0.698
0.699
0.701
0.711
0.709
0.722
0.722
0.737
0.738
0.753
0.76
0.765
0.771
0.778
0.787
0.793
0.799
0.804
0.819
0.822
0.819
0.83
0.833
0.837
0.842
0.85
0.846
0.852
0.859
0.864
0.861
0.886
0.889
0.891
0.89
0.892
0.891
0.887
0.883
0.879
0.882
0.878
0.874
0.869
0.867
0.867
0.865
0.864
0.856
0.856
0.874
0.904
0.905
0.909
0.904
0.904
0.9
0.894
0.897
0.89
0.889
0.885
0.884
0.885
0.878
0.874
0.87
0.858
0.85
0.853
0.84
0.849
0.84
0.838
0.835
0.835
0.832
0.824
0.831
0.822
0.817
0.819
0.824
0.821
0.815
0.821
0.82
0.818
0.81
0.808
0.81
0.805
0.799
0.794
0.799
0.791
0.782
0.79
0.786
0.784
0.783
0.778
0.777
0.766
0.759
0.762
0.74
0.695
0.694
0.693
0.678
0.686
0.674
0.671
0.667
0.67
0.671
0.678
0.685
0.693
0.703
0.694
0.69
0.683
0.677
0.67
0.679
0.669
0.681
0.671
0.668
0.67
0.667
0.662
0.663
0.667
0.663
0.666
0.667
0.668
0.665
0.67
0.668
0.665
0.665
0.669
0.671
0.668
0.665
0.664
0.67
0.67
0.664
0.666
0.666
0.668
0.665
0.67
0.665
0.673
0.669
0.668
0.671
0.675
0.667
0.666
0.662
0.671
0.671
0.667
0.666
0.67
0.665
0.668
0.67
0.674
0.668
0.665
0.668
0.671
0.668
0.664
0.67
0.666
0.666
0.669
0.669
0.668
0.671
0.671
0.671
0.666
0.662
0.667
0.669
0.675
0.662
0.665
0.665
0.664
0.672
0.664
0.664
0.671
0.659
0.671
0.666
0.663
0.669
0.668
0.671
0.671
0.674
0.665
0.669
0.667
0.669
0.667
0.667
0.669
0.67
0.667
0.663
0.668
0.665
0.671
0.665
0.671
0.669
0.668
0.665
0.669
0.673
0.663
0.673
0.668
0.671
0.674
0.667
0.665
0.664
0.672
0.666
0.668
0.668
0.669
0.665
0.67
0.677
0.668
0.659
0.669
0.665
0.671
0.669
0.675
0.665
0.672
0.667
0.666
0.667
0.664
0.667
0.674
0.667
0.667
0.676
0.67
0.668
0.666
0.665
0.67
0.666
0.659
0.665
0.661
0.67
0.669
0.662
0.668
0.667
0.677
0.668
0.67
0.67
0.672
0.665
0.671
0.666
0.671
0.669
0.669
0.671
0.668
0.664
0.665
0.672
0.674
0.673
0.662
0.666
0.663
0.669
0.67
0.668
0.67
0.667
0.67
0.667
0.666
0.664
0.672
0.669
0.666
0.667
0.675
0.666
0.673
0.662
0.665
0.664
0.666
0.669
0.668
0.664
0.671
0.67
0.667
0.667
0.669
0.667
0.667
0.666
0.664
0.666
0.669
0.672
0.67
0.668
0.668
0.671
0.675
0.672
0.663
0.671
0.668
0.669
0.661
0.67
0.665
0.663
0.668
0.665
0.671
0.664
0.675
0.665
0.668
0.67
0.666
0.678
0.663
0.668
0.666
0.669
0.671
0.673
0.674
0.676
0.672
0.688
0.729
0.728
0.721
0.726
0.723
0.729
0.727
0.727
0.735
0.721
0.733
0.73
0.718
0.727
0.721
0.72
0.723
0.723
0.724
0.723
0.715
0.718
0.715
0.717
0.717
0.715
0.714
0.658
0.656
0.659
0.66
0.662
0.654
0.658
0.661
0.658
0.651
0.661
0.658
0.657
0.659
0.653
0.653
0.659
0.649
0.657
0.652
0.653
0.647
0.646
0.65
0.649
0.642
0.646
0.386
0.33
0.338
0.33
0.332
0.336
0.334
0.326
0.326
0.33
0.329
0.319
0.319
0.322
0.326
0.323
0.325
0.316
0.319
0.324
0.326
0.467
0.643
0.641
0.64
0.631
0.638
0.636
0.635
0.636
0.633
0.641
0.637
0.635
0.633
0.629
0.633
0.636
0.627
0.623
0.628
0.63
0.622
0.628
0.621
0.621
0.624
0.619
0.624
0.623
0.627
0.63
0.621
0.622
0.622
0.622
0.625
0.626
0.612
0.617
0.618
0.615
0.618
0.616
0.618
0.61
0.612
0.606
0.611
0.605
0.608
0.607
0.611
0.607
0.604
0.603
0.603
0.6
0.604
0.604
0.604
0.594
0.593
0.593
0.603
0.596
0.594
0.594
0.593
0.595
0.583
0.591
0.586
0.584
0.58
0.587
0.579
0.583
0.579
0.373
0.264
0.262
0.259
0.256
0.267
0.266
0.26
0.257
0.256
0.266
0.259
0.262
0.259
0.268
0.262
0.26
0.458
0.564
0.557
0.562
0.558
0.555
0.56
0.556
0.552
0.551
0.547
0.549
0.554
0.55
0.544
0.541
0.543
0.548
0.547
0.544
0.546
0.537
0.537
0.532
0.541
0.538
0.532
0.529
0.526
0.528
0.528
0.524
0.529
0.528
0.527
0.528
0.513
0.518
0.522
0.515
0.513
0.516
0.515
0.515
0.514
0.51
0.51
0.51
0.505
0.503
0.504
0.505
0.504
0.497
0.503
0.496
0.498
0.5
0.503
0.498
0.501
0.492
0.498
0.491
0.499
0.497
0.491
0.492
0.494
0.492
0.49
0.496
0.496
0.495
0.502
0.498
0.495
0.492
0.493
0.492
0.496
0.493
0.493
0.492
0.496
0.494
0.491
0.489
0.491
0.488
0.494
0.489
0.492
0.492
0.484
0.494
0.484
0.505
0.494
0.488
0.491
0.499
0.488
0.496
0.493
0.492
0.493
0.492
0.488
0.491
0.491
0.482
0.501
0.498
0.492
0.493
0.504
0.494
0.49
0.495
0.498
0.496
0.491
0.49
0.496
0.492
0.492
0.498
0.494
0.492
0.496
0.489
0.488
0.49
0.495
0.492
0.493
0.492
0.495
0.491
0.492
0.494
0.491
0.495
0.494
0.493
0.492
0.489
0.491
0.492
0.49
0.494
0.488
0.494
0.494
0.493
0.495
0.492
0.49
0.498
0.49
0.495
0.495
0.488
0.486
0.491
0.494
0.493
0.486
0.496
0.496
0.493
0.489
0.494
0.497
0.491
0.495
0.49
0.493
0.498
0.495
0.491
0.493
0.494
0.492
0.494
0.496
0.493
0.494
0.493
0.492
0.492
0.496
0.489
0.495
0.492
0.492
0.498
0.495
0.495
0.495
0.5
0.494
0.497
0.493
0.495
0.498
0.492
0.497
0.492
0.493
0.498
0.494
0.491
0.493
0.492
0.489
0.497
0.494
0.496
0.489
0.494
0.493
0.493
0.495
0.494
0.497
0.493
0.493
0.49
0.492
0.5
0.494
0.489
0.492
0.5
0.494
0.498
0.492
0.497
0.49
0.5
0.484
0.493
0.49
0.496
0.496
0.495
0.498
0.488
0.486
0.49
0.49
0.492
0.495
0.49
0.492
0.489
0.492
0.494
0.492
0.492
0.49
0.485
0.496
0.489
0.49
0.49
0.498
0.493
0.495
0.491
0.49
0.493
0.491
0.499
0.492
0.495
0.494
0.488
0.49
0.488
0.489
0.499
0.493
0.495
0.492
0.494
0.485
0.497
0.494
0.489
0.5
0.492
0.494
0.494
0.492
0.487
0.49
0.493
0.487
0.494
0.486
0.494
0.492
0.487
0.492
0.494
0.493
0.492
0.493
0.493
0.486
0.489
0.491
0.483
0.491
0.495
0.49
0.494
0.492
0.497
0.492
0.499
0.492
0.491
0.497
0.494
0.493
0.492
0.498
0.491
0.498
0.494
0.494
0.491
0.487
0.492
0.486
0.496
0.499
0.482
0.492
0.498
0.498
0.495
0.493
0.492
0.49
0.502
0.493
0.491
0.486
0.489
0.498
0.498
0.488
0.494
0.493
0.493
0.495
0.498
0.496
0.488
0.495
0.494
0.486
0.497
0.494
0.493
0.491
0.49
0.488
0.493
0.495
0.493
0.491
0.5
0.485
0.491
0.495
0.498
0.497
0.492
0.497
0.491
0.49
0.493
0.491
0.494
0.487
0.491
0.491
0.491
0.494
0.485
0.489
0.489
0.491
0.496
0.489
0.488
0.49
0.499
0.495
0.491
0.493
0.492
0.488
0.496
0.497
0.489
0.493
0.492
0.494
0.494
0.49
0.489
0.493
0.492
0.491
0.489
0.489
0.493
0.49
0.496
0.492
0.495
0.495
0.491
0.494
0.493
0.497
0.499
0.495
0.493
0.492
0.492
0.492
0.5
0.49
0.493
0.49
0.497
0.489
0.499
0.494
0.491
0.494
0.494
0.496
0.49
0.495
0.491
0.491
0.498
0.493
0.491
0.493
0.496
0.489
0.491
0.482
0.498
0.497
0.495
0.492
0.5
0.492
0.664
0.667
0.67
0.659
0.665
0.666
0.664
0.662
0.668
0.668
0.667
0.671
0.667
0.666
0.67
0.664
0.659
0.668
0.664
0.663
0.666
0.662
0.665
0.669
0.676
0.687
0.716
0.723
0.724
0.719
0.715
0.721
0.721
0.718
0.722
0.714
0.718
0.717
0.715
0.717
0.714
0.72
0.715
0.715
0.717
0.717
0.712
0.713
0.708
0.711
0.706
0.701
0.708
0.707
0.702
0.655
0.646
0.65
0.653
0.652
0.644
0.652
0.644
0.646
0.653
0.646
0.652
0.649
0.649
0.646
0.64
0.643
0.641
0.643
0.637
0.639
0.642
0.637
0.638
0.64
0.638
0.624
0.346
0.319
0.326
0.319
0.317
0.315
0.319
0.31
0.312
0.311
0.31
0.316
0.314
0.313
0.314
0.311
0.31
0.313
0.307
0.304
0.318
0.444
0.617
0.629
0.622
0.624
0.618
0.625
0.626
0.621
0.617
0.622
0.619
0.619
0.611
0.616
0.617
0.614
0.613
0.607
0.611
0.615
0.611
0.611
0.612
0.61
0.61
0.604
0.603
0.603
0.606
0.604
0.604
0.602
0.599
0.594
0.601
0.594
0.597
0.591
0.595
0.593
0.593
0.587
0.592
0.584
0.59
0.593
0.59
0.589
0.578
0.578
0.579
0.579
0.578
0.574
0.57
0.573
0.576
0.575
0.575
0.571
0.57
0.576
0.571
0.571
0.569
0.564
0.564
0.561
0.57
0.559
0.562
0.559
0.559
0.552
0.556
0.554
0.557
0.383
0.237
0.237
0.235
0.238
0.236
0.229
0.234
0.229
0.229
0.235
0.23
0.234
0.237
0.237
0.234
0.232
0.529
0.533
0.532
0.531
0.532
0.53
0.53
0.533
0.521
0.526
0.52
0.517
0.514
0.513
0.513
0.515
0.511
0.514
0.509
0.506
0.508
0.501
0.507
0.506
0.501
0.501
0.499
0.501
0.499
0.488
0.492
0.49
0.497
0.488
0.492
0.484
0.481
0.485
0.482
0.483
0.484
0.484
0.479
0.482
0.479
0.473
0.477
0.474
0.474
0.478
0.471
0.471
0.471
0.48
0.477
0.469
0.468
0.47
0.467
0.463
0.465
0.463
0.461
0.466
0.465
0.46
0.467
0.459
0.459
0.459
0.46
0.458
0.459
0.452
0.459
0.456
0.448
0.455
0.448
0.443
0.444
0.445
0.445
0.446
0.444
0.438
0.447
0.441
0.435
0.438
0.438
0.436
0.439
0.435
0.437
0.434
0.438
0.433
0.439
0.43
0.434
0.439
0.433
0.434
0.437
0.434
0.441
0.436
0.439
0.436
0.434
0.434
0.427
0.436
0.439
0.441
0.434
0.432
0.437
0.433
0.437
0.43
0.438
0.441
0.429
0.435
0.439
0.434
0.434
0.438
0.432
0.441
0.439
0.436
0.436
0.438
0.434
0.432
0.435
0.447
0.436
0.439
0.428
0.438
0.438
0.438
0.435
0.435
0.435
0.437
0.428
0.437
0.435
0.435
0.435
0.434
0.438
0.44
0.438
0.441
0.436
0.437
0.439
0.441
0.434
0.436
0.44
0.433
0.438
0.438
0.438
0.44
0.44
0.434
0.439
0.444
0.436
0.431
0.435
0.44
0.437
0.436
0.432
0.436
0.437
0.439
0.431
0.441
0.441
0.443
0.437
0.44
0.44
0.434
0.435
0.434
0.436
0.433
0.441
0.438
0.433
0.429
0.434
0.437
0.436
0.431
0.442
0.438
0.436
0.436
0.434
0.438
0.433
0.435
0.438
0.439
0.438
0.437
0.437
0.446
0.434
0.437
0.435
0.436
0.435
0.438
0.432
0.435
0.435
0.439
0.439
0.435
0.436
0.438
0.433
0.435
0.434
0.429
0.437
0.433
0.441
0.439
0.433
0.439
0.437
0.441
0.435
0.447
0.435
0.439
0.443
0.44
0.438
0.436
0.432
0.435
0.44
0.44
0.434
0.436
0.439
0.434
0.433
0.438
0.437
0.432
0.44
0.436
0.441
0.433
0.437
0.439
0.437
0.435
0.435
0.437
0.435
0.431
0.437
0.433
0.433
0.439
0.436
0.672
0.673
0.676
0.677
0.674
0.683
0.674
0.68
0.672
0.684
0.677
0.675
0.676
0.687
0.672
0.678
0.672
0.681
0.679
0.673
0.68
0.681
0.685
0.672
0.681
0.675
0.677
0.675
0.676
0.675
0.68
0.683
0.68
0.681
0.69
0.716
0.74
0.743
0.742
0.739
0.738
0.738
0.738
0.738
0.739
0.735
0.741
0.74
0.736
0.741
0.74
0.739
0.735
0.744
0.737
0.735
0.728
0.731
0.73
0.729
0.738
0.736
0.702
0.676
0.68
0.676
0.681
0.681
0.673
0.683
0.681
0.676
0.678
0.679
0.68
0.677
0.672
0.67
0.674
0.675
0.672
0.678
0.67
0.683
0.676
0.664
0.666
0.673
0.671
0.675
0.674
0.673
0.663
0.429
0.359
0.356
0.363
0.357
0.355
0.351
0.357
0.355
0.355
0.36
0.36
0.354
0.35
0.354
0.354
0.355
0.354
0.355
0.353
0.358
0.595
0.673
0.669
