2.454
2.455
2.453
2.453
2.456
2.456
2.454
2.461
2.453
2.451
2.463
2.459
2.449
2.453
2.46
2.459
2.458
2.449
2.454
2.456
2.454
2.456
2.455
2.458
2.461
2.456
2.458
2.464
2.456
2.454
2.451
2.457
2.453
2.459
2.458
2.455
2.457
2.46
2.46
2.454
2.46
2.462
2.457
2.458
2.458
2.462
2.454
2.456
2.455
2.458
2.456
2.455
2.463
2.465
2.456
2.458
2.461
2.458
2.453
2.45
2.457
2.464
2.456
2.457
2.46
2.455
2.46
2.453
2.451
2.456
2.457
2.449
2.46
2.458
2.454
2.46
2.461
2.458
2.453
2.456
2.465
2.459
2.458
2.458
2.46
2.456
2.461
2.457
2.453
2.458
2.454
2.454
2.46
2.455
2.457
2.458
2.455
2.46
2.464
2.465
2.461
2.462
0.37
0.348
0.34
0.364
0.39
2.462
2.462
2.462
2.463
2.456
2.459
2.459
2.456
2.447
2.449
2.461
2.458
2.456
2.458
2.451
2.464
2.458
2.458
2.454
2.453
2.455
2.458
2.458
2.46
2.456
2.463
2.458
2.455
2.452
2.459
2.462
2.455
2.456
2.459
2.456
2.459
2.455
2.457
2.462
2.46
2.461
2.453
2.454
2.459
2.453
2.455
2.451
2.463
2.454
2.453
2.46
2.449
2.455
2.458
2.455
2.458
2.456
2.46
2.458
2.453
2.455
2.457
2.45
2.461
2.457
2.459
2.453
2.455
2.449
2.457
2.457
2.452
2.455
2.463
2.456
2.449
2.469
2.455
2.461
2.452
2.459
2.454
2.452
2.457
2.452
2.457
2.454
2.459
2.463
0.446
0.421
0.429
0.421
0.412
0.402
0.415
0.406
0.408
0.406
0.4
0.393
0.4
0.395
0.399
0.394
0.392
0.395
0.402
0.393
0.396
0.397
0.408
0.4
0.402
0.407
0.405
0.407
0.409
0.405
0.406
0.409
0.403
0.413
2.463
2.456
2.454
2.456
2.455
2.458
2.452
2.451
2.451
2.462
2.456
2.453
2.457
2.457
2.453
2.457
2.458
2.46
2.459
2.456
2.459
2.456
2.456
2.456
2.464
2.467
2.456
2.459
2.459
2.457
2.456
2.455
2.457
2.457
2.457
2.457
2.461
2.45
2.457
2.458
2.459
2.456
2.461
2.453
0.435
0.425
0.414
0.413
0.422
2.456
2.452
2.455
2.455
2.456
2.461
2.461
2.465
2.462
2.458
2.459
2.453
2.459
2.454
2.455
2.455
2.455
2.459
2.453
2.455
2.46
2.459
2.459
2.461
2.458
2.457
2.458
2.45
2.456
2.458
2.462
2.457
2.457
2.459
2.452
2.452
2.459
2.453
2.453
2.452
2.461
2.455
2.449
2.453
2.451
2.455
2.458
2.455
2.457
2.451
2.451
2.454
2.459
2.458
2.452
2.454
2.45
2.452
2.462
2.459
2.448
2.461
2.457
2.452
2.458
2.454
2.456
2.461
2.453
2.459
2.459
2.458
2.455
2.457
2.455
2.456
2.453
2.461
2.459
2.457
0.393
0.392
0.405
0.417
2.458
2.455
2.463
2.447
2.454
2.458
2.454
2.457
2.458
2.46
2.46
2.454
2.455
2.455
2.46
2.453
2.46
2.458
2.46
2.458
2.453
2.455
2.455
2.456
2.453
2.457
2.456
2.459
2.454
2.458
2.457
2.456
2.466
2.453
2.448
2.454
2.456
2.462
2.457
2.459
2.451
2.464
2.458
2.457
2.454
2.451
2.456
2.454
2.451
2.461
2.456
2.453
2.465
2.453
2.454
2.451
2.453
2.457
2.454
2.454
2.451
2.461
2.459
2.459
2.458
2.46
2.456
2.453
2.452
2.461
2.46
2.455
2.452
2.455
2.459
2.457
2.46
2.464
2.454
2.46
2.452
2.455
2.454
2.462
2.457
2.459
2.456
2.46
2.465
2.465
2.459
2.461
2.456
2.457
2.455
2.459
2.451
2.459
2.459
2.457
2.462
2.456
2.457
2.454
2.454
2.452
2.463
2.456
2.458
2.459
2.457
2.456
2.46
2.455
2.458
2.457
2.458
2.459
2.459
2.457
2.461
2.451
2.463
2.459
2.459
2.456
2.458
2.458
2.457
2.457
2.455
2.46
2.457
2.457
2.459
2.451
2.459
2.46
2.458
2.466
2.455
2.459
2.451
2.453
2.449
2.45
2.455
2.453
2.449
2.458
2.457
2.454
2.45
2.455
2.45
2.458
2.46
2.461
2.459
2.453
2.455
2.457
2.453
2.457
2.458
2.458
2.459
2.453
2.455
2.458
2.46
2.453
2.461
2.458
2.455
2.46
2.45
2.457
2.458
2.456
2.462
2.457
2.453
2.458
2.456
2.458
2.464
2.457
2.46
2.461
2.453
2.455
2.457
2.462
2.454
2.457
2.454
2.454
2.45
2.454
2.458
2.462
2.455
2.46
2.456
2.452
2.458
2.455
2.456
2.458
2.459
2.457
2.454
2.458
2.46
2.458
2.456
2.455
2.458
2.452
2.462
2.466
2.457
2.455
2.457
2.456
2.454
2.454
2.462
2.46
2.453
2.459
2.452
2.462
2.459
2.466
2.456
2.454
2.457
2.454
2.452
2.458
2.454
2.458
2.463
2.464
2.456
2.456
2.451
2.461
2.457
2.458
2.455
2.457
2.452
2.461
2.455
2.457
2.459
2.452
2.456
2.456
2.459
2.453
2.454
2.454
2.461
2.452
2.458
2.453
2.459
2.457
2.455
2.453
2.458
2.456
2.458
2.449
2.457
2.455
2.453
2.458
2.457
2.454
2.459
2.452
2.455
2.463
2.454
2.461
2.461
2.453
2.464
2.469
2.46
2.455
2.455
2.455
2.452
2.458
2.447
2.454
2.455
2.464
2.455
2.458
2.458
2.46
2.461
2.456
2.457
2.458
2.458
2.452
2.456
2.454
2.46
2.458
2.456
2.454
2.452
2.463
2.457
2.465
2.458
2.458
2.454
2.455
2.458
2.455
2.461
2.464
2.457
2.451
2.46
2.459
2.454
2.459
2.455
2.459
2.453
2.46
2.456
2.453
2.457
2.452
2.459
2.456
2.459
2.459
2.456
2.459
2.456
2.453
2.452
2.451
2.461
2.451
2.456
2.455
2.454
2.453
2.456
2.456
2.454
2.453
2.458
2.45
2.457
2.458
2.451
2.455
2.457
2.458
2.46
2.462
2.461
2.458
2.455
2.462
2.46
2.456
2.458
2.455
2.462
2.472
2.457
2.457
2.457
2.457
2.455
2.464
2.46
2.454
2.456
2.458
2.457
2.462
2.461
2.453
2.456
2.457
2.463
2.461
2.464
2.456
2.456
2.459
2.458
2.463
2.454
2.456
2.464
2.457
2.457
2.463
2.465
2.458
2.459
2.452
2.459
2.46
2.457
2.455
2.455
2.45
2.458
2.464
2.462
2.452
2.457
2.458
2.456
2.453
2.455
2.448
2.456
2.457
2.462
2.458
2.457
2.455
2.457
2.453
2.456
2.459
2.451
2.458
2.457
2.46
2.459
2.456
2.458
2.454
2.455
2.462
2.461
2.454
2.456
2.458
2.458
2.458
2.457
2.458
2.457
2.462
2.446
2.456
2.457
2.459
2.455
2.459
2.458
2.456
2.459
2.454
2.451
2.459
2.455
2.458
2.453
2.461
2.459
2.461
2.457
2.456
2.459
2.459
2.46
2.452
2.456
2.454
2.457
2.451
2.454
2.463
2.462
2.461
2.455
2.45
2.456
2.458
2.456
0.404
0.383
0.387
0.384
0.383
0.384
0.385
0.38
0.375
0.383
0.372
0.38
0.377
0.375
0.38
0.368
0.372
0.37
0.372
0.378
0.369
0.376
0.37
0.37
0.367
0.366
0.37
0.375
0.37
0.369
0.366
0.369
0.369
0.371
0.372
0.368
0.37
0.373
0.366
0.37
0.366
0.37
0.366
0.37
0.368
0.378
0.367
0.369
0.371
0.366
0.364
0.364
0.367
0.366
0.36
0.368
0.369
0.365
0.371
0.37
0.369
0.371
0.363
0.366
0.368
0.363
0.378
0.37
0.36
0.372
0.367
0.366
0.37
0.373
0.368
0.369
0.366
0.367
0.365
0.37
0.368
0.363
0.364
0.364
0.366
0.374
0.369
0.363
0.373
0.373
0.367
0.37
0.369
0.375
0.379
0.371
0.365
0.366
0.372
0.371
0.365
0.369
0.37
0.367
0.366
0.369
0.366
0.366
0.368
0.369
0.373
0.367
0.367
0.367
0.372
0.366
0.369
0.363
0.364
0.369
0.371
0.365
0.37
0.365
0.357
0.368
0.367
0.371
0.369
0.369
0.37
0.365
0.367
0.376
0.363
0.371
0.37
0.364
0.364
0.37
0.367
0.365
0.364
0.37
0.366
0.363
0.371
0.363
0.36
0.369
0.369
0.368
0.368
0.363
0.368
0.369
0.368
0.367
0.367
0.369
0.37
0.371
0.362
0.363
0.368
0.37
0.368
0.371
0.369
0.371
2.454
2.462
2.46
2.461
2.459
2.451
2.458
2.454
2.457
2.462
2.458
2.459
2.455
2.463
2.458
2.452
2.464
2.458
2.46
2.459
2.459
2.451
2.461
2.458
2.454
2.456
2.464
2.458
2.456
2.448
2.447
2.454
2.457
2.454
2.462
2.45
2.454
2.463
2.458
2.454
2.452
2.451
2.457
2.456
2.453
2.461
2.464
2.461
2.462
2.454
2.458
2.455
2.456
2.456
2.46
2.462
2.45
2.455
2.46
2.455
2.457
2.456
2.455
2.459
2.456
2.46
2.459
2.456
2.461
2.455
2.453
2.455
2.459
2.454
0.389
0.388
0.404
0.401
0.397
0.401
0.406
2.464
2.457
2.459
2.455
2.462
2.455
2.459
2.457
2.458
2.458
2.45
2.459
2.457
2.455
2.46
2.46
2.45
2.458
2.453
2.463
2.458
2.459
2.453
2.455
2.454
2.454
2.459
2.458
2.452
2.456
2.453
2.461
2.453
2.456
2.455
2.464
2.451
2.457
2.455
2.455
2.452
2.45
2.446
2.453
2.458
2.454
2.458
2.452
2.462
2.46
2.453
2.457
2.46
2.453
2.463
2.464
2.456
1.083
1.098
2.456
2.452
1.16
1.094
1.072
1.043
1.009
0.976
0.936
0.929
0.891
0.87
0.855
0.85
0.842
0.852
0.869
0.874
0.899
2.462
2.457
2.457
2.461
2.454
2.461
2.454
2.46
2.46
2.455
2.457
2.455
2.464
2.454
2.458
2.46
2.454
2.456
2.451
2.463
2.458
2.459
2.461
2.462
2.461
2.46
2.455
2.459
2.458
2.459
2.459
2.458
2.457
2.458
2.462
2.462
2.458
2.457
2.46
2.456
2.462
2.462
2.448
2.455
2.457
2.461
2.458
2.459
2.453
2.455
2.458
2.46
2.46
2.463
2.456
2.455
2.462
2.459
2.461
2.455
2.466
2.455
2.453
2.458
2.468
2.46
2.461
2.46
2.451
2.456
2.456
2.458
2.465
2.457
2.45
2.46
2.453
2.446
2.455
2.464
2.461
2.458
2.46
2.457
2.464
2.453
2.459
2.455
2.458
2.465
2.462
2.457
2.459
2.458
2.458
2.46
2.46
2.459
2.455
2.458
2.46
2.454
2.456
2.463
2.458
2.46
2.458
2.454
2.456
2.461
2.453
2.461
2.456
2.459
2.453
2.453
2.452
2.463
2.456
2.455
2.46
2.458
2.462
2.458
2.457
2.454
2.458
2.456
2.458
2.456
2.457
2.456
2.457
2.456
2.451
2.456
2.451
2.458
2.455
2.46
2.453
2.455
2.461
2.45
2.457
2.46
2.456
2.465
2.448
2.455
2.456
2.455
2.455
2.456
2.461
2.456
2.458
2.456
2.458
2.464
2.456
2.461
2.462
2.457
0.469
2.449
2.454
2.454
2.463
2.45
2.462
2.449
2.463
2.461
2.448
0.431
0.435
0.427
0.429
0.42
0.423
0.421
0.424
0.421
0.406
0.426
0.431
0.431
0.424
0.423
0.426
0.422
0.428
0.42
0.42
0.421
0.422
0.424
0.422
0.421
0.417
0.419
0.423
0.417
0.424
0.423
0.419
0.42
0.424
0.42
0.412
0.405
0.4
0.421
2.455
2.447
2.452
2.459
2.454
2.453
2.452
2.458
2.456
2.455
2.455
2.46
2.463
2.45
2.452
2.455
2.455
2.452
2.461
2.458
2.449
2.461
2.456
2.457
2.457
2.457
2.457
2.458
2.456
2.455
2.461
2.451
2.464
2.457
2.457
2.457
2.459
2.457
2.457
2.451
2.461
2.46
2.455
0.395
0.374
0.378
0.375
0.369
0.373
2.457
2.457
2.459
2.459
2.452
2.458
2.458
2.462
2.459
2.464
2.454
2.459
2.457
2.456
2.458
2.458
2.455
2.459
2.452
2.452
2.452
2.459
2.46
2.459
2.457
2.456
2.459
2.461
2.454
2.463
2.462
2.455
2.458
2.463
2.449
2.454
2.46
2.459
2.455
0.358
0.371
0.361
0.351
0.366
0.367
0.37
0.355
0.352
0.362
0.358
0.352
0.354
0.348
0.346
0.352
0.354
0.354
0.359
0.356
0.348
0.355
0.356
0.352
0.355
0.354
0.344
0.344
0.354
0.35
0.348
0.35
0.355
0.347
0.352
0.347
0.357
0.358
0.361
0.346
0.359
0.361
0.351
0.371
0.356
0.348
0.361
0.352
0.349
0.357
0.357
0.347
0.362
0.352
0.35
0.341
0.339
0.344
0.337
2.455
2.454
2.455
2.455
2.457
2.456
2.457
2.463
2.455
2.453
2.462
2.458
2.459
2.459
2.456
2.461
2.455
2.458
2.459
2.455
2.458
2.459
2.463
2.46
2.458
2.456
2.451
2.459
2.461
2.459
2.454
2.456
2.458
2.456
2.46
2.453
2.454
2.459
2.461
2.458
2.457
2.452
2.457
2.465
2.459
2.459
2.457
2.462
2.456
2.455
2.46
2.46
2.457
2.456
2.457
2.456
2.458
2.459
2.459
2.45
2.454
2.455
2.467
2.461
2.455
2.451
2.456
2.46
2.457
2.458
2.449
2.451
2.454
2.465
2.455
2.454
0.439
0.445
0.446
0.442
0.445
0.442
0.442
0.438
0.441
0.435
0.433
0.433
0.427
0.427
0.433
0.429
0.434
0.427
0.436
0.428
0.428
0.422
0.427
0.42
0.419
0.414
0.414
0.417
2.457
2.458
2.453
2.454
2.463
2.459
2.456
2.455
2.463
2.456
2.46
2.454
2.464
2.455
2.457
2.461
2.457
2.456
2.461
2.459
2.46
2.461
2.455
2.459
2.462
2.461
2.461
2.453
2.461
2.453
2.453
2.458
2.459
2.455
2.46
2.461
2.458
2.458
2.451
2.461
2.45
2.459
2.458
2.461
2.464
2.458
2.468
2.45
2.459
2.452
2.455
2.449
2.455
2.462
2.454
2.456
2.461
2.458
2.458
2.458
2.457
2.458
2.457
2.459
2.452
2.46
2.462
2.465
2.458
2.454
2.461
2.458
2.454
2.458
2.457
2.464
2.461
2.457
2.453
2.452
2.45
2.453
2.455
2.46
2.459
2.454
2.459
0.396
0.391
0.39
0.382
0.368
0.386
2.459
2.456
2.46
2.461
2.458
2.457
2.45
2.459
2.457
2.459
2.451
2.459
2.461
2.457
2.457
2.455
2.464
2.463
2.457
2.461
2.455
2.463
2.461
2.457
2.454
2.457
2.451
0.419
0.392
0.389
0.397
0.388
0.402
0.41
0.395
0.396
0.395
0.393
0.387
0.387
0.389
0.392
0.388
0.391
0.391
0.39
0.391
0.401
0.391
0.396
0.39
0.39
0.391
0.399
0.403
0.391
0.394
0.396
0.392
0.395
0.394
0.387
0.386
0.392
0.394
0.39
0.395
0.389
0.389
0.393
0.395
0.39
0.395
0.394
0.39
0.396
0.393
0.392
0.391
0.392
0.391
0.396
0.393
0.395
0.393
0.397
0.392
0.381
0.39
0.396
0.398
0.389
0.394
0.398
0.393
0.393
0.389
0.391
0.388
0.39
0.39
0.388
0.398
0.397
0.396
0.392
0.393
0.394
0.391
0.399
0.397
0.393
0.395
0.397
0.395
0.394
0.391
0.393
0.392
0.397
0.397
0.396
0.396
0.392
0.392
0.388
0.393
0.391
0.39
0.391
0.397
0.399
0.398
0.389
0.394
0.395
0.397
0.394
0.395
0.391
0.39
0.396
0.39
0.396
0.39
0.389
0.389
0.39
0.382
0.394
0.39
0.392
0.392
0.392
0.387
0.395
0.394
0.385
0.396
0.39
0.39
0.389
0.392
0.396
0.394
0.388
0.389
0.39
0.391
0.388
0.39
0.391
0.384
0.383
0.364
0.37
0.407
2.458
2.463
2.455
2.458
2.46
2.451
2.461
2.459
2.457
2.461
2.455
2.462
2.459
2.458
2.459
2.461
2.459
2.461
2.453
2.46
2.455
2.463
2.457
2.456
2.459
2.456
2.467
2.458
2.46
2.462
2.456
2.461
2.456
2.452
2.46
2.454
2.458
2.462
2.458
2.46
2.457
2.451
0.435
0.439
0.436
0.445
0.435
0.437
0.439
0.443
0.439
0.439
0.442
0.429
0.428
0.433
0.435
0.431
0.434
0.432
0.433
0.427
0.424
0.428
0.425
0.416
0.415
0.403
2.458
2.455
2.456
2.452
2.461
2.455
2.464
2.457
2.457
2.457
2.458
2.464
2.456
2.459
2.462
2.463
2.456
2.459
0.383
0.386
0.376
0.392
0.375
0.367
2.458
2.458
2.464
2.458
2.457
2.462
2.455
2.454
2.456
2.462
2.461
2.459
2.458
2.46
2.458
2.456
2.459
2.461
2.449
2.455
2.461
2.459
2.457
2.457
2.461
2.456
2.463
2.462
2.46
2.456
0.403
0.386
0.383
0.381
0.384
0.387
0.38
0.381
0.382
0.376
0.375
0.377
0.38
0.371
0.37
0.374
0.373
0.366
0.367
0.373
0.38
0.369
0.368
0.371
0.373
0.374
0.364
0.377
0.368
0.374
0.365
0.374
0.372
0.368
0.373
0.37
0.371
0.368
0.373
0.369
0.373
0.371
0.369
0.373
0.377
0.372
0.342
2.453
2.456
2.462
2.457
2.461
2.455
2.45
2.46
2.458
2.452
2.461
2.461
2.456
2.455
2.458
2.459
2.454
2.457
2.464
2.45
2.459
2.458
2.456
2.461
2.457
2.455
2.465
2.458
2.464
2.456
2.456
2.459
2.458
2.459
2.452
2.455
2.46
2.461
2.453
2.454
2.459
2.453
2.463
2.463
2.467
2.456
2.463
2.463
2.453
2.453
0.407
0.42
0.413
0.405
0.404
0.399
0.4
0.398
0.396
0.393
0.387
0.392
0.394
0.394
0.387
0.392
0.396
0.393
0.388
0.393
0.392
0.39
0.385
0.39
0.401
0.388
0.393
0.393
0.391
0.391
0.392
0.388
0.388
0.387
0.384
0.388
0.389
0.385
0.39
0.39
0.387
0.387
0.385
0.385
0.386
0.392
0.384
0.39
0.388
0.381
0.394
0.393
0.39
0.39
0.401
0.39
0.389
0.388
0.392
0.39
0.39
0.384
0.387
0.377
2.464
2.463
2.452
2.458
2.453
2.458
2.459
2.457
2.455
2.456
2.454
2.455
2.452
2.461
2.456
2.457
2.452
2.459
2.459
2.458
2.453
2.461
2.456
2.456
2.461
2.457
2.457
2.47
2.451
2.452
2.46
2.453
2.453
2.466
2.462
2.463
2.453
2.457
2.459
2.456
2.462
0.342
0.351
0.363
0.364
0.361
0.362
0.368
0.36
0.362
0.359
0.357
0.369
0.352
0.347
0.348
0.355
0.358
0.35
0.352
0.351
0.34
0.349
0.34
0.351
0.345
0.354
0.352
0.35
0.349
0.345
0.348
0.347
0.35
0.356
0.348
0.348
0.35
0.354
0.352
0.35
0.348
0.347
0.35
0.347
0.347
0.351
0.347
0.349
0.356
0.353
0.348
0.349
0.349
0.347
0.351
0.347
0.367
0.319
2.455
2.452
2.459
2.459
2.456
2.457
2.456
2.459
2.464
2.453
2.452
2.459
2.469
2.454
2.457
2.461
2.459
2.459
2.45
2.464
2.458
2.455
2.46
2.454
2.452
2.464
2.452
2.46
2.457
2.458
2.454
2.459
2.451
2.463
2.463
2.461
2.459
2.461
2.456
2.454
2.455
2.458
2.455
2.464
2.458
2.461
2.459
2.457
2.454
2.451
2.466
2.458
2.458
2.45
2.454
2.457
2.457
2.463
2.456
2.465
2.466
2.456
2.453
2.457
2.462
2.461
2.455
0.344
0.349
0.345
0.345
0.345
0.343
0.339
0.345
0.343
0.34
0.344
0.34
0.339
0.337
0.341
0.335
0.339
0.339
0.339
0.338
0.333
0.337
0.334
0.341
0.338
0.328
0.335
0.344
0.342
0.334
0.34
0.338
0.341
0.335
0.35
0.343
0.343
0.347
0.339
0.337
2.448
2.457
2.458
2.463
2.465
2.46
2.461
2.448
2.457
2.459
2.459
2.459
2.459
2.462
2.461
2.468
2.458
2.454
2.461
2.461
2.467
2.46
2.455
2.457
2.458
2.449
2.466
2.457
2.461
2.451
2.459
2.459
2.452
2.457
2.455
2.461
2.461
2.461
2.458
2.458
2.453
2.455
2.463
2.454
2.46
2.457
2.457
2.454
2.462
2.448
2.453
2.452
2.46
2.46
2.459
2.452
2.45
2.458
2.455
2.459
2.457
2.458
2.452
2.455
2.459
2.458
2.465
2.46
2.454
2.453
2.455
2.456
2.457
2.454
2.452
2.457
2.46
2.458
2.461
2.455
2.458
2.455
2.453
2.462
2.458
2.46
2.462
2.461
2.458
2.462
2.459
2.453
0.412
0.406
0.408
0.413
0.406
0.411
2.456
2.47
2.458
2.457
2.452
2.459
2.458
2.462
2.464
2.46
2.454
2.458
2.455
2.451
2.462
2.462
2.457
2.455
2.456
2.458
2.459
2.457
2.454
2.453
2.45
2.45
2.45
2.453
2.451
2.451
0.395
0.391
0.377
0.38
0.371
0.367
0.36
0.347
0.333
2.462
2.458
2.459
2.457
2.458
2.457
2.457
2.455
2.458
2.46
2.453
2.465
2.453
2.459
2.45
2.459
2.459
2.456
2.457
2.457
2.459
2.454
2.459
2.458
2.457
2.457
2.46
2.454
2.464
2.455
2.455
2.455
2.452
2.456
2.459
2.46
2.462
2.463
2.46
2.46
2.456
2.454
2.456
2.46
2.457
2.461
2.462
2.455
2.452
2.455
2.449
2.458
2.461
2.457
2.457
2.456
2.459
2.452
2.455
2.458
2.46
2.457
2.461
2.466
2.457
2.461
2.457
2.454
2.455
2.452
2.455
2.463
2.458
2.453
0.369
0.384
0.378
0.373
0.384
0.381
0.382
0.375
0.37
0.366
0.37
0.366
0.368
0.363
0.37
0.364
0.366
0.371
0.371
0.367
0.367
0.367
0.369
0.365
0.369
0.373
0.371
0.366
0.37
0.373
0.373
0.365
0.369
0.371
0.373
0.375
0.378
0.374
0.368
0.375
0.36
2.458
2.456
2.463
2.451
2.458
2.455
2.459
2.459
2.464
2.455
2.452
2.459
2.456
2.461
2.461
2.456
2.468
2.456
2.461
2.468
2.452
2.459
2.454
2.463
2.453
2.456
2.464
2.461
2.46
2.457
2.462
2.458
2.457
2.464
2.456
2.46
2.455
2.455
2.458
2.458
2.462
2.466
2.468
2.455
2.459
2.457
2.455
2.451
2.455
2.46
2.459
2.463
2.456
2.459
2.459
2.461
2.455
2.454
2.457
2.459
2.454
2.457
2.455
2.46
2.464
2.455
2.457
2.462
2.459
2.455
2.46
2.456
2.456
2.452
2.455
2.456
2.453
2.451
2.458
2.46
2.46
2.456
2.46
2.46
2.462
2.46
2.459
2.458
2.463
2.459
2.454
2.463
2.455
2.462
2.459
2.453
2.459
2.455
2.453
2.458
2.459
2.456
2.46
2.451
2.455
2.455
2.464
2.452
2.458
2.468
2.458
2.457
2.453
2.464
2.459
2.455
2.454
2.454
2.454
2.454
2.461
0.416
0.406
0.395
0.397
0.396
0.403
0.398
0.399
0.402
0.394
0.403
0.393
0.402
0.4
0.397
0.394
0.39
0.39
0.387
0.389
0.392
0.389
0.391
0.386
0.388
0.393
0.389
0.393
0.391
0.387
0.396
0.387
0.392
0.391
0.394
0.391
0.389
0.391
0.387
0.389
0.39
0.387
0.398
0.381
0.383
0.39
0.386
0.395
0.368
2.459
2.453
0.374
0.372
2.456
2.464
2.456
2.457
2.461
2.456
2.456
2.457
2.461
2.457
2.464
2.46
2.457
2.451
2.451
2.458
2.458
2.46
2.458
2.45
2.456
2.451
2.457
2.461
2.461
2.459
2.45
2.461
2.458
2.459
2.452
2.453
2.456
2.457
2.451
2.452
2.456
2.453
2.454
2.45
2.452
2.458
2.46
2.452
2.46
2.45
2.457
2.451
2.467
2.458
2.45
2.458
2.459
2.456
2.465
2.456
2.456
2.46
2.46
2.459
2.457
2.464
2.454
0.51
0.509
0.51
0.51
0.511
0.516
0.508
0.509
0.509
0.511
0.503
0.499
0.502
0.499
0.503
0.502
0.498
0.503
0.492
0.495
0.488
0.5
0.496
0.493
0.501
0.497
0.496
0.49
0.491
0.503
0.492
0.496
0.494
0.492
0.494
0.491
0.492
0.499
2.458
2.464
2.459
2.46
2.459
2.458
2.463
2.457
2.465
2.461
2.457
2.464
2.454
2.461
2.456
2.461
2.458
2.457
0.465
0.444
0.449
0.447
0.447
0.432
0.436
0.435
0.442
0.435
0.445
0.446
0.457
0.457
2.454
2.457
2.458
2.455
2.462
2.454
2.451
2.457
2.458
2.467
2.458
2.46
2.456
2.456
2.455
2.454
2.458
2.452
2.457
2.452
2.458
0.439
0.416
0.42
0.411
0.396
0.398
0.399
0.404
0.389
0.383
0.391
2.46
2.457
2.456
2.456
2.459
2.46
2.46
2.459
2.469
2.456
2.46
2.453
2.462
2.459
2.456
2.462
2.46
2.456
2.468
2.453
2.456
2.454
2.462
2.459
2.463
2.456
2.456
2.463
2.462
2.463
2.458
2.452
2.456
2.454
2.453
2.453
2.455
2.456
2.463
2.464
2.462
2.459
2.458
2.464
2.455
2.457
2.458
2.457
2.458
2.454
2.462
2.458
2.46
2.455
2.461
2.463
2.457
2.456
2.45
2.464
2.458
2.452
2.456
2.464
2.458
2.459
2.46
2.46
2.463
2.459
2.462
2.46
2.45
2.461
2.46
2.454
2.456
2.456
2.456
2.457
2.46
2.461
2.463
2.46
0.392
0.393
0.4
0.384
2.466
2.447
2.457
2.454
2.454
2.452
2.46
2.462
2.459
2.459
2.46
2.459
2.458
2.456
2.455
2.456
2.467
2.462
2.458
2.458
2.455
2.464
2.461
2.45
2.459
2.454
2.456
2.458
2.454
2.453
2.458
2.457
2.452
2.458
2.461
2.446
2.461
2.457
2.457
2.452
2.458
2.46
2.456
2.452
2.459
2.458
2.455
2.454
2.453
2.455
2.457
2.462
0.335
0.331
0.33
0.333
0.335
0.331
0.33
0.334
0.332
0.34
0.337
0.338
0.332
0.334
0.329
0.338
0.343
0.334
0.341
0.341
0.336
0.335
0.342
0.34
0.336
0.336
0.345
0.333
0.34
0.34
0.334
0.339
0.331
2.458
2.461
2.459
2.455
2.455
2.459
2.457
2.455
2.458
2.457
2.465
2.457
2.455
2.459
2.458
2.458
2.462
2.459
2.457
2.459
2.457
2.461
2.451
2.456
2.46
2.457
2.457
2.456
2.452
2.455
2.458
2.463
2.459
2.458
2.449
2.458
2.458
2.463
2.456
2.463
2.458
2.456
2.46
2.457
2.463
2.455
2.458
2.458
2.465
2.464
2.459
2.457
2.459
2.454
2.46
2.464
2.455
2.46
2.46
2.459
2.461
0.272
0.276
0.28
0.286
0.279
0.285
0.299
0.283
0.293
0.29
0.291
0.284
0.296
0.29
0.3
0.298
0.3
0.293
0.292
0.298
0.305
0.289
0.302
0.295
0.29
0.294
0.299
0.3
0.296
0.294
0.298
0.298
0.3
0.298
0.302
0.296
0.294
0.298
0.298
0.302
0.3
0.302
0.299
0.301
0.296
0.305
0.305
0.302
0.307
0.304
0.306
0.316
0.299
0.304
0.302
0.307
0.304
0.303
0.301
0.298
0.311
0.303
0.31
0.304
0.309
0.31
0.304
0.308
0.304
0.314
0.307
0.303
0.304
0.308
0.306
0.313
0.303
0.313
0.313
0.315
0.311
0.31
0.306
0.311
0.308
0.31
0.309
0.314
0.31
0.304
0.308
0.317
0.313
0.308
0.306
0.308
0.31
0.307
0.314
0.307
0.302
0.308
0.311
0.306
0.303
0.308
0.305
2.458
2.453
2.455
2.455
2.463
2.456
2.458
2.457
2.458
2.461
2.464
2.46
2.449
2.459
2.46
2.459
2.455
2.462
2.462
2.458
2.459
2.457
2.458
2.455
2.456
2.458
2.456
2.458
2.459
2.463
2.466
2.461
2.463
2.466
2.453
2.458
2.461
2.454
2.461
2.462
2.455
2.466
2.459
2.458
2.456
2.46
2.461
2.461
2.465
2.457
2.456
2.455
2.458
2.458
2.452
2.458
2.459
2.456
2.458
2.463
2.452
2.457
2.449
2.449
2.454
2.463
2.458
2.459
2.455
2.455
2.456
2.459
2.454
2.453
2.462
2.451
2.462
2.459
2.457
2.451
2.459
2.46
2.454
2.452
2.457
2.46
2.455
2.457
2.458
0.282
0.287
0.279
0.282
0.28
0.284
0.283
0.275
0.287
0.279
0.283
0.282
0.287
0.283
0.281
0.279
0.276
0.273
0.274
0.277
0.273
0.283
0.283
0.283
0.274
0.28
0.282
0.286
0.286
0.284
0.29
2.453
2.463
2.454
2.458
2.457
2.458
2.458
2.46
2.46
2.46
2.461
2.458
2.458
2.449
2.458
2.461
2.462
2.465
2.455
2.464
2.45
2.459
2.462
2.455
2.458
2.459
2.455
2.458
2.457
2.452
2.45
2.46
2.45
2.455
2.459
2.453
2.455
2.456
2.461
2.46
2.455
2.457
2.455
2.458
2.448
2.459
2.456
2.454
2.461
2.46
2.46
2.454
2.468
2.46
2.459
2.453
2.457
2.456
2.457
2.458
2.452
2.462
2.457
2.458
2.457
2.457
2.458
2.455
2.46
2.461
2.456
2.461
2.454
2.457
2.455
2.456
2.455
2.464
2.451
2.46
2.458
2.46
2.464
2.461
2.458
2.451
2.462
2.456
2.456
2.456
2.464
2.457
2.459
2.462
2.466
2.454
2.46
2.46
2.463
2.456
2.463
2.464
2.454
2.458
0.241
0.246
0.238
0.244
0.243
0.244
0.251
0.251
0.256
0.259
0.258
0.254
0.262
0.261
0.259
0.256
0.261
0.268
0.258
0.257
0.257
0.261
0.259
0.264
0.259
0.259
0.259
0.255
0.253
0.271
0.26
0.257
0.259
0.266
0.263
0.261
0.257
0.261
0.264
0.258
0.262
0.271
0.256
0.247
0.247
2.454
2.458
2.459
2.462
2.451
2.458
2.465
2.464
2.456
2.457
2.464
2.459
2.463
2.459
2.46
2.457
2.46
2.456
2.452
2.457
2.463
2.455
2.46
2.456
2.456
2.46
2.457
2.458
2.46
2.458
2.459
2.452
2.461
2.453
2.462
2.454
2.456
2.447
2.458
2.453
2.456
2.456
2.461
2.46
2.463
2.457
2.458
2.458
2.461
2.455
2.458
2.458
2.458
2.457
2.456
2.455
2.46
2.452
2.458
2.454
2.463
2.459
2.457
2.459
2.46
2.465
2.46
2.46
2.458
2.456
2.463
2.467
2.464
2.466
2.46
2.456
2.459
2.457
2.458
2.461
2.466
2.468
2.458
2.461
2.462
2.462
2.46
2.46
2.461
2.462
2.453
2.453
2.455
2.465
2.46
2.455
2.454
2.459
2.463
2.465
2.459
2.463
2.456
2.449
2.458
2.454
2.468
2.472
2.46
2.455
2.462
2.459
2.459
2.457
2.459
2.453
2.459
2.457
2.458
2.452
2.461
2.455
2.447
2.459
2.453
2.459
2.458
2.457
2.455
2.459
2.461
2.459
2.455
2.454
2.457
2.465
2.458
2.464
0.308
0.313
0.308
0.312
0.307
0.318
0.32
0.315
0.321
0.313
0.316
0.321
0.311
0.318
0.319
0.317
0.319
0.32
0.314
0.316
0.318
0.318
0.311
0.321
0.318
0.316
0.315
0.312
0.309
0.309
2.456
2.458
2.456
2.456
2.458
2.456
2.462
2.46
2.463
2.462
2.462
2.459
2.457
2.464
2.458
2.457
2.455
2.453
2.455
2.455
2.452
2.452
2.455
2.457
2.46
2.449
2.456
2.458
2.457
2.457
2.458
2.457
2.451
2.458
2.457
2.456
2.463
2.454
2.455
2.456
2.464
2.451
2.46
2.452
2.46
2.457
2.457
2.464
2.457
2.464
2.46
2.458
2.455
2.455
2.448
2.46
2.461
2.458
2.46
2.46
2.459
2.464
2.459
2.457
2.455
2.455
2.46
2.456
2.46
2.462
2.453
2.461
2.458
2.462
2.468
2.468
2.453
2.453
2.459
2.455
2.464
2.462
2.453
2.462
2.459
2.459
2.459
2.452
2.459
2.458
2.467
2.455
2.458
2.459
2.456
2.455
2.457
2.46
2.458
2.457
2.456
2.456
2.453
2.459
2.457
2.456
2.461
2.451
2.452
2.454
2.466
2.456
2.457
2.456
2.462
2.46
2.465
2.459
2.46
2.462
2.454
2.458
2.456
2.462
2.46
2.455
2.462
2.465
2.46
2.456
2.459
2.457
2.464
2.462
2.456
0.294
0.285
0.285
0.278
0.277
0.285
0.29
0.29
0.285
0.293
0.288
0.295
0.295
0.295
0.29
0.284
0.291
0.289
0.289
0.274
0.267
0.263
0.267
0.278
2.455
2.457
2.459
2.462
2.456
2.449
2.462
2.46
2.455
2.451
2.457
2.452
2.458
2.456
2.461
2.465
2.461
2.455
2.46
2.458
2.463
2.459
2.454
2.447
2.451
2.46
2.454
2.458
2.462
2.453
2.458
2.469
2.459
2.457
2.458
2.456
2.457
2.459
2.461
2.457
2.46
2.457
2.454
2.456
2.462
2.455
2.457
2.453
2.463
2.463
2.46
2.458
2.455
2.459
2.458
2.451
2.461
2.457
2.454
0.337
0.326
0.336
0.345
0.343
0.364
2.46
0.364
0.352
0.36
0.351
0.358
0.352
0.349
0.355
0.345
0.345
0.348
0.348
0.348
0.344
0.346
0.347
0.348
0.351
0.35
0.351
0.347
0.349
0.35
0.346
0.335
0.341
0.342
0.349
0.342
0.347
0.339
0.35
0.353
0.343
0.346
0.351
0.35
0.354
0.36
0.349
0.349
2.454
2.455
2.46
2.462
2.458
2.456
2.463
2.455
2.45
2.458
2.456
2.455
2.466
2.455
2.456
2.461
2.456
2.455
2.456
2.458
2.454
2.453
2.448
2.453
2.456
2.456
2.454
2.456
2.467
2.456
2.453
2.459
2.454
2.457
2.457
2.458
0.304
0.299
0.31
0.311
0.303
0.304
0.305
0.297
0.302
0.296
0.299
0.302
0.301
0.297
0.297
0.297
0.301
0.298
0.302
0.299
0.298
0.306
0.307
0.302
0.297
0.3
0.302
0.301
0.302
0.3
0.296
0.296
2.462
2.456
2.456
2.457
2.461
2.457
2.456
2.46
2.462
2.458
2.453
2.46
2.456
2.458
2.461
2.454
2.451
2.46
2.454
2.46
2.457
2.453
2.456
2.454
2.456
2.458
2.455
2.46
2.459
2.459
2.462
2.459
2.457
2.462
2.455
2.459
2.461
2.455
2.459
2.453
2.457
2.454
2.457
2.456
2.46
2.464
2.454
2.459
2.462
2.456
2.464
2.458
2.457
0.263
0.272
0.265
0.267
0.273
0.275
0.264
0.267
0.274
0.272
0.28
0.276
0.276
0.281
0.277
0.273
0.28
0.277
0.283
0.282
0.283
0.285
0.29
0.285
0.29
0.28
0.285
0.286
0.283
0.288
0.281
0.289
0.285
0.28
0.288
0.282
0.282
0.281
0.284
0.289
0.287
0.279
0.279
0.272
0.279
0.258
2.454
0.656
0.653
0.657
0.662
0.656
0.657
0.657
0.655
0.658
0.656
0.654
0.662
0.651
0.648
0.652
0.657
0.653
0.657
0.652
0.661
0.656
0.657
0.653
0.656
0.661
0.654
0.654
0.652
0.651
0.652
0.658
0.655
0.656
0.652
0.658
0.656
0.659
0.661
0.656
0.653
0.657
0.66
0.66
0.661
0.65
0.653
0.655
0.656
0.655
0.657
0.658
0.66
0.655
0.657
0.655
0.656
0.652
0.653
0.658
0.66
0.657
0.693
0.705
0.71
0.712
0.707
0.704
0.704
0.707
0.714
0.702
0.7
0.702
0.704
0.696
0.694
0.701
0.7
0.693
0.699
0.692
0.691
0.695
0.686
0.685
0.68
0.683
0.682
0.678
0.631
0.627
0.637
0.625
0.624
0.622
0.62
0.619
0.617
0.624
0.621
0.617
0.613
0.622
0.614
0.61
0.608
0.612
0.608
0.601
0.608
0.606
0.6
0.603
0.602
0.6
0.594
0.37
0.288
0.284
0.287
0.281
0.279
0.281
0.278
0.279
0.277
0.273
0.272
0.274
0.266
0.268
0.267
0.273
0.261
0.26
0.267
0.26
0.267
0.384
0.471
0.569
0.568
0.566
0.564
0.557
0.564
0.564
0.553
0.553
0.55
0.554
0.549
0.548
0.546
0.549
0.545
0.544
0.544
0.54
0.542
0.537
0.534
0.534
0.532
0.53
0.53
0.526
0.525
0.525
0.524
0.521
0.519
0.517
0.513
0.514
0.516
0.514
0.51
0.502
0.503
0.512
0.504
0.499
0.5
0.5
0.499
0.495
0.489
0.489
0.492
0.49
0.487
0.48
0.48
0.479
0.475
0.477
0.469
0.475
0.475
0.473
0.465
0.464
0.462
0.463
0.461
0.459
0.457
0.46
0.459
0.456
0.45
0.453
0.456
0.459
0.45
0.456
0.46
0.454
0.451
0.455
0.458
0.46
0.454
0.458
0.459
0.458
0.456
0.454
0.457
0.453
0.461
0.455
0.463
0.46
0.464
0.453
0.45
0.459
0.452
0.454
0.461
0.451
0.454
0.46
0.448
0.459
0.455
0.455
0.456
0.451
0.453
0.453
0.455
0.455
0.461
0.457
0.457
0.456
0.455
0.456
0.45
0.459
0.457
0.454
0.455
0.456
0.455
0.451
0.454
0.463
0.45
0.456
0.454
0.455
0.455
0.462
0.461
0.456
0.456
0.456
0.456
0.458
0.455
0.453
0.455
0.456
0.465
0.454
0.454
0.456
0.459
0.457
0.459
0.457
0.456
0.461
0.455
0.454
0.454
0.453
0.457
0.454
0.449
0.459
0.453
0.455
0.455
0.454
0.463
0.724
0.729
0.724
0.73
0.726
0.727
0.723
0.724
0.72
0.73
0.722
0.716
0.725
0.73
0.725
0.72
0.721
0.724
0.72
0.721
0.72
0.725
0.728
0.718
0.724
0.728
0.728
0.727
0.725
0.72
0.72
0.728
0.725
0.721
0.723
0.719
0.724
0.721
0.723
0.726
0.724
0.724
0.724
0.72
0.718
0.719
0.714
0.721
0.722
0.724
0.728
0.72
0.727
0.718
0.724
0.726
0.722
0.722
0.721
0.723
0.724
0.721
0.717
0.722
0.72
0.725
0.724
0.723
0.726
0.729
0.724
0.72
0.725
0.72
0.73
0.722
0.72
0.73
0.723
0.722
0.725
0.722
0.723
0.721
0.726
0.728
0.717
0.728
0.72
0.726
0.729
0.726
0.727
0.726
0.724
0.721
0.72
0.725
0.725
0.717
0.727
0.721
0.719
0.727
0.724
0.725
0.725
0.718
0.723
0.723
0.726
0.721
0.723
0.725
0.724
0.728
0.723
0.723
0.716
0.724
0.718
0.727
0.729
0.729
0.724
0.727
0.726
0.719
0.722
0.722
0.721
0.718
0.721
0.72
0.716
0.712
0.702
0.659
0.662
0.666
0.663
0.664
0.663
0.658
0.663
0.665
0.667
0.665
0.663
0.663
0.659
0.665
0.666
0.663
0.661
0.664
0.654
0.664
0.657
0.663
0.658
0.662
0.663
0.663
0.665
0.656
0.662
0.655
0.492
0.345
0.346
0.334
0.341
0.339
0.343
0.34
0.342
0.34
0.34
0.343
0.342
0.339
0.333
0.337
0.345
0.34
0.343
0.325
0.343
0.337
0.566
0.66
0.658
0.651
0.647
0.651
0.653
0.659
0.649
0.645
0.656
0.653
0.653
0.66
0.647
0.651
0.65
0.65
0.652
0.647
0.654
0.648
0.652
0.646
0.644
0.652
0.656
0.652
0.649
0.644
0.644
0.648
0.643
0.643
0.646
0.647
0.652
0.646
0.653
0.64
0.644
0.645
0.645
0.641
0.638
0.646
0.644
0.637
0.641
0.639
0.643
0.641
0.64
0.642
0.634
0.642
0.632
0.641
0.637
0.643
0.63
0.633
0.632
0.631
0.638
0.638
0.629
0.632
0.633
0.634
0.626
0.629
0.634
0.629
0.631
0.624
0.401
0.314
0.309
0.298
0.31
0.304
0.306
0.303
0.298
0.296
0.3
0.301
0.304
0.296
0.294
0.297
0.295
0.426
0.61
0.702
0.707
0.706
0.697
0.696
0.699
0.703
0.693
0.698
0.693
0.694
0.704
0.703
0.7
0.704
0.688
0.704
0.708
0.706
0.704
0.694
0.702
0.703
0.699
0.696
0.695
0.697
0.698
0.694
0.692
0.701
0.693
0.701
0.711
0.692
0.688
0.712
0.707
0.693
0.692
0.698
0.702
0.701
0.704
0.701
0.707
0.693
0.69
0.696
0.699
0.705
0.708
0.692
0.705
0.704
0.709
0.696
0.695
0.704
0.694
0.696
0.701
0.69
0.694
0.695
0.694
0.704
0.704
0.692
0.702
0.699
0.697
0.697
0.691
0.7
0.694
0.705
0.707
0.697
0.712
0.696
0.698
0.717
0.697
0.702
0.694
0.69
0.707
0.724
0.736
0.734
0.744
0.735
0.737
0.742
0.735
0.734
0.735
0.737
0.738
0.741
0.736
0.737
0.74
0.741
0.739
0.739
0.737
0.737
0.738
0.732
0.732
0.736
0.736
0.725
0.728
0.728
0.728
0.722
0.722
0.676
0.675
0.671
0.676
0.674
0.676
0.669
0.672
0.667
0.671
0.673
0.671
0.67
0.668
0.668
0.667
0.672
0.667
0.67
0.669
0.672
0.662
0.663
0.677
0.662
0.661
0.664
0.663
0.669
0.664
0.487
0.35
0.352
0.35
0.348
0.351
0.346
0.343
0.347
0.344
0.34
0.353
0.342
0.339
0.338
0.343
0.335
0.334
0.337
0.346
0.334
0.34
0.515
0.65
0.662
0.655
0.658
0.66
0.659
0.655
0.652
0.66
0.658
0.655
0.65
0.654
0.651
0.655
0.65
0.65
0.652
0.652
0.651
0.648
0.649
0.65
0.648
0.643
0.648
0.641
0.64
0.642
0.648
0.646
0.642
0.64
0.637
0.64
0.646
0.637
0.643
0.645
0.641
0.638
0.633
0.635
0.639
0.638
0.635
0.634
0.636
0.636
0.632
0.628
0.638
0.628
0.637
0.631
0.628
0.629
0.623
0.621
0.626
0.63
0.622
0.622
0.626
0.624
0.629
0.622
0.62
0.621
0.624
0.614
0.618
0.606
0.612
0.611
0.613
0.611
0.609
0.325
0.298
0.302
0.293
0.292
0.292
0.285
0.29
0.291
0.284
0.285
0.286
0.286
0.279
0.279
0.283
0.279
0.384
0.602
0.571
0.575
0.58
0.574
0.576
0.576
0.575
0.577
0.572
0.578
0.573
0.574
0.572
0.569
0.579
0.581
0.577
0.579
0.576
0.567
0.575
0.576
0.579
0.579
0.569
0.581
0.582
0.577
0.575
0.57
0.573
0.574
0.578
0.572
0.574
0.569
0.572
0.577
0.572
0.576
0.571
0.576
0.58
0.576
0.574
0.577
0.574
0.575
0.573
0.572
0.575
0.579
0.579
0.576
0.573
0.716
0.716
0.722
0.724
0.72
0.72
0.719
0.718
0.713
0.721
0.712
0.722
0.71
0.714
0.718
0.723
0.721
0.718
0.715
0.717
0.716
0.721
0.719
0.714
0.715
0.714
0.719
0.713
0.718
0.716
0.72
0.714
0.719
0.715
0.72
0.716
0.717
0.717
0.719
0.715
0.714
0.721
0.716
0.718
0.718
0.72
0.715
0.721
0.72
0.72
0.72
0.719
0.716
0.716
0.716
0.724
0.716
0.714
0.716
0.709
0.714
0.716
0.711
0.708
0.704
0.702
0.703
0.7
0.703
0.656
0.644
0.647
0.648
0.646
0.651
0.653
0.645
0.641
0.64
0.645
0.644
0.646
0.646
0.643
0.643
0.648
0.645
0.642
0.638
0.642
0.645
0.642
0.636
0.634
0.64
0.643
0.639
0.638
0.635
0.339
0.319
0.32
0.324
0.316
0.318
0.319
0.316
0.313
0.314
0.32
0.312
0.314
0.314
0.313
0.313
0.31
0.308
0.312
0.309
0.311
0.313
0.507
0.624
0.629
0.618
0.623
0.625
0.627
0.626
0.627
0.627
0.618
0.619
0.62
0.616
0.622
0.618
0.624
0.617
0.613
0.613
0.615
0.612
0.61
0.609
0.612
0.61
0.61
0.605
0.609
0.607
0.607
0.609
0.608
0.605
0.606
0.6
0.601
0.604
0.599
0.6
0.602
0.601
0.604
0.596
0.607
0.591
0.593
0.596
0.594
0.592
0.586
0.587
0.585
0.589
0.594
0.588
0.585
0.583
0.585
0.583
0.587
0.58
0.576
0.572
0.586
0.58
0.579
0.58
0.573
0.569
0.575
0.569
0.571
0.571
0.573
0.574
0.574
0.565
0.56
0.321
0.255
0.254
0.254
0.247
0.247
0.247
0.246
0.244
0.246
0.234
0.236
0.233
0.234
0.242
0.237
0.236
0.235
0.356
0.545
0.732
0.723
0.723
0.725
0.726
0.727
0.731
0.725
0.726
0.727
0.729
0.72
0.724
0.727
0.726
0.726
0.727
0.729
0.727
0.729
0.727
0.728
0.732
0.725
0.723
0.73
0.733
0.73
0.73
0.736
0.723
0.727
0.722
0.725
0.723
0.73
0.726
0.728
0.728
0.721
0.726
0.723
0.728
0.729
0.731
0.733
0.726
0.725
0.727
0.728
0.727
0.729
0.727
0.725
0.727
0.725
0.726
0.723
0.725
0.726
0.732
0.728
0.725
0.728
0.72
0.725
0.727
0.728
0.732
0.722
0.721
0.728
0.725
0.728
0.724
0.725
0.727
0.724
0.726
0.726
0.726
0.726
0.726
0.727
0.727
0.724
0.721
0.725
0.732
0.728
0.735
0.728
0.721
0.73
0.724
0.729
0.725
0.732
0.727
0.73
0.729
0.721
0.726
0.726
0.734
0.726
0.725
0.733
0.725
0.73
0.724
0.731
0.724
0.728
0.72
0.723
0.724
0.685
0.668
0.669
0.669
0.665
0.666
0.67
0.673
0.667
0.668
0.673
0.666
0.673
0.664
0.67
0.662
0.663
0.668
0.659
0.665
0.667
0.66
0.663
0.581
0.352
0.349
0.349
0.351
0.347
0.351
0.349
0.344
0.347
0.345
0.349
0.349
0.34
0.347
0.345
0.343
0.35
0.417
0.666
0.661
0.664
0.667
0.663
0.663
0.668
0.657
0.659
0.664
0.666
0.658
0.66
0.658
0.66
0.655
0.661
0.655
0.659
0.659
0.657
0.656
0.666
0.657
0.655
0.662
0.659
0.656
0.655
0.66
0.656
0.652
0.656
0.653
0.657
0.65
0.658
0.657
0.657
0.649
0.653
0.649
0.652
0.647
0.653
0.652
0.653
0.651
0.649
0.651
0.641
0.645
0.653
0.643
0.648
0.647
0.639
0.645
0.642
0.642
0.643
0.647
0.641
0.645
0.643
0.641
0.637
0.637
0.638
0.64
0.635
0.623
0.32
0.312
0.317
0.31
0.315
0.312
0.314
0.316
0.303
0.305
0.31
0.306
0.304
0.307
0.303
0.303
0.331
0.613
0.722
0.726
0.728
0.73
0.729
0.736
0.725
0.727
0.727
0.723
0.729
0.725
0.718
0.726
0.727
0.724
0.722
0.718
0.723
0.729
0.723
0.72
0.723
0.723
0.725
0.728
0.721
0.728
0.722
0.73
0.731
0.722
0.731
0.73
0.723
0.722
0.723
0.728
0.724
0.724
0.725
0.724
0.73
0.725
0.721
0.724
0.723
0.724
0.727
0.726
0.731
0.728
0.721
0.722
0.721
0.729
0.724
0.722
0.728
0.724
0.73
0.723
0.72
0.726
0.729
0.721
0.729
0.727
0.72
0.732
0.726
0.724
0.721
0.726
0.726
0.728
0.727
0.725
0.723
0.731
0.729
0.726
0.727
0.718
0.728
0.728
0.725
0.729
0.725
0.723
0.724
0.726
0.725
0.721
0.724
0.726
0.726
0.728
0.728
0.723
0.732
0.724
0.727
0.728
0.737
0.721
0.727
0.722
0.727
0.725
0.726
0.729
0.722
0.727
0.725
0.72
0.729
0.728
0.729
0.724
0.723
0.725
0.726
0.732
0.726
0.724
0.726
0.726
0.729
0.725
0.726
0.723
0.723
0.729
0.727
0.723
0.73
0.727
0.73
0.73
0.722
0.728
0.721
0.723
0.726
0.721
0.728
0.731
0.735
0.73
0.73
0.731
0.728
0.732
0.723
0.724
0.731
0.732
0.731
0.727
0.733
0.726
0.73
0.732
0.733
0.73
0.73
0.731
0.731
0.734
0.732
0.725
0.728
0.733
0.735
0.73
0.731
0.723
0.729
0.73
0.729
0.728
0.726
0.727
0.729
0.734
0.728
0.733
0.731
0.73
0.732
0.734
0.73
0.731
0.732
0.733
0.732
0.741
0.729
0.733
0.733
0.729
0.728
0.73
0.731
0.725
0.732
0.73
0.736
0.736
0.728
0.73
0.735
0.728
0.735
0.729
0.73
0.731
0.729
0.727
0.733
0.723
0.722
0.728
0.729
0.726
0.723
0.727
0.717
0.68
0.678
0.682
0.675
0.674
0.673
0.673
0.677
0.672
0.673
0.673
0.676
0.677
0.676
0.677
0.682
0.68
0.676
0.677
0.682
0.682
0.682
0.676
0.675
0.677
0.682
0.687
0.677
0.68
0.678
0.68
0.679
0.683
0.628
0.407
0.365
0.37
0.376
0.371
0.372
0.366
0.379
0.367
0.362
0.365
0.366
0.362
0.366
0.365
0.367
0.367
0.369
0.372
0.373
0.371
0.377
0.382
0.684
0.691
0.69
0.697
0.694
0.699
0.697
0.698
0.699
0.7
0.697
0.701
0.702
0.701
0.699
0.697
0.703
0.705
0.702
0.712
0.702
0.703
0.704
0.698
0.705
0.707
0.697
0.705
0.702
0.707
0.703
0.706
0.706
0.706
0.711
0.711
0.708
0.711
0.71
0.7
0.706
0.707
0.711
0.707
0.707
0.716
0.712
0.715
0.712
0.707
0.71
0.707
0.717
0.714
0.714
0.711
0.714
0.716
0.716
0.721
0.718
0.711
0.708
0.716
0.718
0.713
0.718
0.717
0.714
0.718
0.724
0.721
0.717
0.723
0.716
0.72
0.717
0.725
0.721
0.7
0.407
0.406
0.401
0.405
0.406
0.405
0.396
0.397
0.407
0.401
0.399
0.406
0.4
0.404
0.4
0.402
0.408
0.431
0.733
0.707
0.709
0.705
0.704
0.707
0.708
0.713
0.702
0.701
0.703
0.707
0.71
0.707
0.703
0.71
0.705
0.704
0.705
0.705
0.707
0.706
0.71
0.707
0.714
0.707
0.712
0.714
0.71
0.71
0.708
0.71
0.708
0.708
0.706
0.704
0.713
0.702
0.708
0.704
0.705
0.702
0.71
0.71
0.704
0.705
0.708
0.709
0.709
0.708
0.706
0.704
0.705
0.707
0.712
0.708
0.703
0.706
0.702
0.707
0.708
0.704
0.706
0.709
0.709
0.704
0.71
0.711
0.704
0.704
0.705
0.709
0.711
0.706
0.704
0.701
0.704
0.705
0.703
0.706
0.709
0.71
0.706
0.704
0.705
0.707
0.711
0.702
0.703
0.713
0.707
0.706
0.706
0.708
0.705
0.696
0.698
0.694
0.696
0.692
0.694
0.693
0.699
0.691
0.652
0.634
0.64
0.64
0.641
0.647
0.639
0.647
0.646
0.639
0.636
0.637
0.642
0.631
0.637
0.64
0.638
0.639
0.632
0.639
0.631
0.633
0.639
0.631
0.635
0.627
0.632
0.629
0.63
0.626
0.628
0.63
0.57
0.314
0.312
0.312
0.311
0.315
0.309
0.309
0.309
0.306
0.311
0.304
0.306
0.306
0.311
0.312
0.307
0.307
0.309
0.311
0.307
0.307
0.303
0.303
0.308
0.304
0.304
0.304
0.305
0.304
0.3
0.299
0.297
0.303
0.294
0.298
0.304
0.301
0.299
0.304
0.314
0.418
0.461
0.513
0.601
0.619
0.621
0.619
0.608
0.612
0.616
0.612
0.612
0.612
0.611
0.614
0.608
0.613
0.612
0.613
0.612
0.612
0.608
0.609
0.611
0.61
0.61
0.612
0.61
0.607
0.612
0.613
0.612
0.602
0.611
0.612
0.608
0.608
0.609
0.608
0.612
0.6
0.606
0.599
0.607
0.612
0.604
0.603
0.6
0.599
0.608
0.605
0.606
0.601
0.599
0.598
0.604
0.603
0.603
0.611
0.607
0.603
0.596
0.601
0.596
0.597
0.592
0.597
0.604
0.597
0.596
0.6
0.599
0.596
0.597
0.6
0.592
0.592
0.588
0.588
0.592
0.59
0.594
0.589
0.592
0.588
0.592
0.586
0.595
0.59
0.59
0.589
0.584
0.581
0.589
0.593
0.588
0.579
0.582
0.581
0.582
0.582
0.588
0.581
0.585
0.581
0.585
0.576
0.58
0.582
0.582
0.573
0.583
0.581
0.581
0.577
0.574
0.578
0.584
0.578
0.578
0.574
0.582
0.576
0.576
0.572
0.574
0.574
0.573
0.574
0.571
0.573
0.572
0.569
0.568
0.568
0.569
0.572
0.568
0.574
0.57
0.565
0.568
0.564
0.566
0.565
0.56
0.566
0.573
0.568
0.563
0.571
0.57
0.57
0.561
0.565
0.564
0.565
0.555
0.56
0.556
0.564
0.565
0.562
0.556
0.561
0.563
0.561
0.567
0.57
0.56
0.559
0.555
0.559
0.563
0.557
0.554
0.558
0.558
0.554
0.558
0.556
0.566
0.558
0.554
0.555
0.556
0.558
0.561
0.571
0.557
0.555
0.558
0.56
0.558
0.553
0.559
0.556
0.557
0.553
0.555
0.556
0.556
0.552
0.556
0.557
0.561
0.56
0.556
0.55
0.559
0.558
0.551
0.553
0.558
0.559
0.555
0.557
0.561
0.559
0.56
0.559
0.56
0.559
0.552
0.557
0.558
0.566
0.558
0.554
0.562
0.558
0.56
0.563
0.564
0.564
0.564
0.572
0.566
0.574
0.567
0.572
0.586
0.583
0.59
0.602
0.618
0.622
0.623
0.638
0.635
0.65
0.658
0.663
0.667
0.688
0.687
0.688
0.702
0.709
0.717
0.729
0.733
0.739
0.746
0.752
0.758
0.767
0.765
0.773
0.778
0.79
0.794
0.791
0.805
0.799
0.809
0.807
0.813
0.818
0.82
0.826
0.824
0.831
0.837
0.833
0.831
0.835
0.836
0.833
0.835
0.834
0.838
0.836
0.836
0.828
0.828
0.826
0.816
0.818
0.812
0.81
0.808
0.847
0.848
0.834
0.845
0.837
0.825
0.821
0.816
0.811
0.802
0.793
0.789
0.784
0.775
0.773
0.763
0.762
0.756
0.757
0.758
0.748
0.749
0.741
0.741
0.737
0.737
0.728
0.73
0.728
0.727
0.723
0.718
0.719
0.725
0.721
0.725
0.719
0.724
0.726
0.725
0.727
0.717
0.723
0.722
0.719
0.726
0.722
0.727
0.727
0.725
0.715
0.719
0.721
0.726
0.724
0.726
0.725
0.723
0.723
0.721
0.721
0.724
0.722
0.728
0.726
0.722
0.721
0.724
0.716
0.722
0.718
0.727
0.731
0.723
0.723
0.725
0.727
0.719
0.727
0.725
0.725
0.727
0.723
0.73
0.724
0.717
0.721
0.722
0.722
0.726
0.728
0.722
0.729
0.725
0.727
0.726
0.722
0.722
0.729
0.727
0.725
0.723
0.725
0.731
0.724
0.727
0.726
0.718
0.726
0.724
0.718
0.727
0.723
0.726
0.731
0.723
0.72
0.717
0.721
0.725
0.722
0.721
0.722
0.72
0.73
0.727
0.719
0.722
0.723
0.723
0.72
0.72
0.72
0.723
0.722
0.729
0.728
0.73
0.722
0.724
0.732
0.721
0.728
0.723
0.721
0.723
0.719
0.728
0.722
0.723
0.719
0.728
0.721
0.721
0.718
0.721
0.726
0.726
0.721
0.726
0.723
0.721
0.726
0.731
0.721
0.723
0.725
0.721
0.721
0.732
0.721
0.725
0.721
0.731
0.73
0.724
0.727
0.722
0.725
0.725
0.726
0.73
0.73
0.728
0.722
0.721
0.727
0.721
0.727
0.727
0.728
0.724
0.721
0.724
0.725
0.724
0.719
0.722
0.726
0.723
0.717
0.722
0.729
0.715
0.72
0.727
0.728
0.722
0.725
0.727
0.721
0.72
0.732
0.725
0.73
0.727
0.728
0.724
0.718
0.727
0.725
0.721
0.716
0.726
0.722
0.728
0.726
0.726
0.722
0.73
0.725
0.729
0.723
0.727
0.727
0.725
0.724
0.725
0.723
0.722
0.719
0.722
0.721
0.731
0.724
0.722
0.728
0.719
0.726
0.724
0.72
0.722
0.724
0.721
0.72
0.723
0.725
0.718
0.726
0.724
0.721
0.723
0.724
0.734
0.721
0.723
0.723
0.726
0.725
0.725
0.723
0.723
0.718
0.724
0.722
0.721
0.723
0.727
0.728
0.725
0.721
0.73
0.725
0.73
0.721
0.714
0.719
0.724
0.721
0.726
0.716
0.725
0.721
0.725
0.725
0.724
0.725
0.726
0.732
0.719
0.726
0.725
0.728
0.725
0.723
0.721
0.723
0.727
0.726
0.731
0.724
0.73
0.723
0.73
0.721
0.723
0.721
0.722
0.726
0.724
0.728
0.723
0.723
0.724
0.722
0.727
0.728
0.727
0.734
0.722
0.721
0.72
0.725
0.727
0.723
0.725
0.722
0.717
0.725
0.727
0.722
0.726
0.722
0.724
0.723
0.731
0.73
0.721
0.725
0.724
0.721
0.721
0.727
0.725
0.722
0.718
0.723
0.714
0.719
0.719
0.72
0.7
0.669
0.665
0.666
0.659
0.663
0.662
0.658
0.663
0.662
0.662
0.659
0.666
0.66
0.664
0.655
0.661
0.655
0.662
0.662
0.652
0.657
0.656
0.657
0.657
0.655
0.661
0.659
0.651
0.651
0.655
0.649
0.656
0.644
0.386
0.349
0.342
0.339
0.34
0.34
0.339
0.341
0.335
0.338
0.34
0.34
0.329
0.335
0.333
0.334
0.329
0.326
0.332
0.329
0.33
0.333
0.337
0.522
0.649
0.646
0.639
0.647
0.651
0.644
0.642
0.646
0.644
0.643
0.647
0.641
0.641
0.647
0.643
0.639
0.639
0.643
0.634
0.633
0.64
0.633
0.632
0.634
0.635
0.639
0.629
0.636
0.635
0.638
0.632
0.628
0.634
0.627
0.634
0.634
0.627
0.629
0.625
0.621
0.627
0.629
0.621
0.616
0.617
0.617
0.614
0.616
0.616
0.618
0.616
0.617
0.612
0.61
0.609
0.607
0.616
0.61
0.606
0.603
0.597
0.603
0.603
0.6
0.601
0.59
0.596
0.598
0.602
0.6
0.598
0.593
0.599
0.592
0.582
0.584
0.587
0.582
0.579
0.501
0.27
0.265
0.272
0.261
0.266
0.26
0.256
0.255
0.262
0.254
0.253
0.252
0.249
0.254
0.246
0.242
0.241
0.358
0.514
0.728
0.731
0.733
0.73
0.726
0.725
0.73
0.73
0.732
0.728
0.73
0.728
0.729
0.722
0.731
0.733
0.728
0.723
0.729
0.735
0.725
0.728
0.727
0.734
0.722
0.732
0.727
0.728
0.732
0.73
0.728
0.732
0.726
0.73
0.727
0.727
0.738
0.727
0.731
0.728
0.735
0.726
0.728
0.73
0.727
0.729
0.726
0.733
0.728
0.729
0.732
0.723
0.729
0.729
0.728
0.731
0.727
0.732
0.734
0.725
0.729
0.727
0.725
0.726
0.727
0.731
0.729
0.734
0.722
0.727
0.722
0.731
0.725
0.725
0.727
0.731
0.732
0.727
0.725
0.726
0.725
0.727
0.728
0.731
0.73
0.735
0.723
0.73
0.733
0.725
0.728
0.728
0.729
0.734
0.722
0.735
0.724
0.73
0.722
0.726
0.725
0.734
0.722
0.724
0.731
0.73
0.721
0.728
0.724
0.725
0.723
0.729
0.723
0.725
0.726
0.726
0.72
0.725
0.725
0.73
0.727
0.727
0.725
0.722
0.727
0.728
0.729
0.737
0.731
0.723
0.721
0.729
0.724
0.727
0.735
0.734
0.728
0.731
0.724
0.734
0.733
0.728
0.729
0.73
0.73
0.728
0.728
0.727
0.728
0.728
0.733
0.727
0.728
0.73
0.724
0.728
0.735
0.725
0.729
0.729
0.73
0.723
0.719
0.716
0.719
0.722
0.722
0.715
0.672
0.668
0.666
0.663
0.667
0.668
0.668
0.666
0.668
0.668
0.666
0.674
0.666
0.662
0.665
0.662
0.665
0.666
0.665
0.667
0.672
0.671
0.666
0.667
0.664
0.664
0.666
0.66
0.661
0.662
0.655
0.662
0.647
0.356
0.347
0.348
0.34
0.346
0.342
0.343
0.351
0.34
0.339
0.338
0.346
0.345
0.343
0.338
0.337
0.34
0.341
0.337
0.343
0.336
0.341
0.361
0.628
0.664
0.66
0.653
0.66
0.662
0.657
0.658
0.661
0.663
0.665
0.656
0.66
0.659
0.658
0.659
0.655
0.66
0.66
0.653
0.657
0.658
0.656
0.652
0.655
0.659
0.653
0.655
0.654
0.658
0.655
0.654
0.65
0.647
0.656
0.65
0.65
0.654
0.648
0.651
0.657
0.65
0.646
0.651
0.649
0.647
0.648
0.644
0.652
0.649
0.646
0.649
0.649
0.647
0.647
0.643
0.645
0.643
0.646
0.644
0.642
0.642
0.644
0.637
0.643
0.646
0.643
0.647
0.644
0.645
0.639
0.64
0.638
0.636
0.632
0.635
0.637
0.637
0.628
0.635
0.616
0.321
0.312
0.314
0.309
0.308
0.311
0.306
0.311
0.31
0.308
0.311
0.309
0.311
0.305
0.305
0.315
0.307
0.529
0.733
0.734
0.731
0.733
0.731
0.722
0.734
0.729
0.73
0.733
0.729
0.73
0.731
0.735
0.73
0.729
0.732
0.727
0.734
0.736
0.729
0.736
0.724
0.731
0.731
0.734
0.727
0.721
0.727
0.731
0.733
0.729
0.728
0.729
0.73
0.729
0.735
0.729
0.732
0.733
0.728
0.737
0.734
0.733
0.733
0.734
0.731
0.728
0.735
0.729
0.734
0.738
0.735
0.733
0.732
0.732
0.738
0.731
0.735
0.726
0.733
0.73
0.735
0.731
0.731
0.73
0.731
0.737
0.731
0.727
0.733
0.736
0.729
0.729
0.731
0.73
0.731
0.73
0.731
0.735
0.73
0.734
0.732
0.731
0.728
0.733
0.716
0.72
0.721
0.722
0.721
0.724
0.713
0.671
0.66
0.664
0.667
0.665
0.669
0.666
0.667
0.669
0.662
0.668
0.666
0.666
0.668
0.663
0.66
0.666
0.662
0.664
0.664
0.66
0.665
0.664
0.668
0.66
0.659
0.665
0.662
0.659
0.66
0.651
0.429
0.343
0.343
0.344
0.345
0.344
0.342
0.338
0.343
0.343
0.344
0.346
0.339
0.341
0.338
0.342
0.345
0.338
0.333
0.332
0.338
0.349
0.599
0.658
0.655
0.654
0.655
0.657
0.654
0.662
0.655
0.659
0.653
0.655
0.659
0.656
0.649
0.653
0.648
0.644
0.656
0.648
0.648
0.648
0.649
0.648
0.649
0.646
0.647
0.654
0.643
0.643
0.64
0.638
0.646
0.645
0.641
0.65
0.645
0.646
0.644
0.646
0.636
0.645
0.641
0.647
0.639
0.64
0.635
0.638
0.64
0.641
0.635
0.635
0.636
0.632
0.64
0.632
0.639
0.632
0.638
0.635
0.631
0.633
0.634
0.629
0.634
0.636
0.635
0.634
0.634
0.636
0.621
0.63
0.637
0.619
0.626
0.627
0.625
0.389
0.307
0.307
0.302
0.3
0.303
0.299
0.297
0.308
0.301
0.295
0.298
0.299
0.299
0.297
0.3
0.302
0.592
0.712
0.712
0.71
0.704
0.707
0.707
0.716
0.714
0.717
0.718
0.71
0.707
0.711
0.715
0.708
0.708
0.71
0.712
0.714
0.706
0.708
0.711
0.712
0.715
0.713
0.707
0.708
0.703
0.709
0.712
0.712
0.714
0.709
0.707
0.716
0.711
0.715
0.706
0.713
0.706
0.706
0.715
0.717
0.713
0.71
0.707
0.709
0.708
0.698
0.707
0.712
0.713
0.71
0.707
0.711
0.704
0.706
0.71
0.712
0.711
0.711
0.711
0.709
0.713
0.709
0.71
0.71
0.714
0.709
0.708
0.711
0.715
0.705
0.705
0.709
0.71
0.714
0.707
0.709
0.707
0.71
0.713
0.709
0.715
0.713
0.71
0.714
0.704
0.711
0.708
0.708
0.711
0.711
0.708
0.719
0.711
0.711
0.711
0.712
0.71
0.713
0.707
0.707
0.707
0.708
0.71
0.714
0.706
0.714
0.708
0.71
0.712
0.712
0.706
0.706
0.713
0.706
0.709
0.707
0.707
0.712
0.703
0.71
0.703
0.707
0.705
0.71
0.712
0.708
0.715
0.71
0.71
0.707
0.708
0.706
0.705
0.71
0.71
0.71
0.704
0.704
0.699
0.699
0.698
0.7
0.698
0.696
0.699
0.659
0.64
0.643
0.645
0.642
0.644
0.638
0.642
0.637
0.64
0.644
0.633
0.635
0.64
0.64
0.635
0.637
0.637
0.632
0.64
0.632
0.633
0.633
0.635
0.629
0.629
0.629
0.628
0.624
0.631
0.626
0.623
0.356
0.312
0.304
0.304
0.307
0.306
0.306
0.307
0.302
0.298
0.303
0.3
0.297
0.297
0.302
0.301
0.294
0.293
0.303
0.296
0.294
0.29
0.351
0.481
0.606
0.602
0.608
0.604
0.602
0.597
0.6
0.597
0.6
0.597
0.598
0.6
0.603
0.597
0.594
0.593
0.597
0.594
0.59
0.586
0.584
0.583
0.587
0.581
0.579
0.581
0.572
0.581
0.578
0.583
0.57
0.573
0.571
0.566
0.572
0.565
0.569
0.569
0.568
0.563
0.567
0.564
0.562
0.55
0.563
0.553
0.558
0.553
0.554
0.551
0.55
0.556
0.547
0.544
0.549
0.542
0.54
0.541
0.538
0.533
0.54
0.532
0.533
0.529
0.526
0.53
0.529
0.524
0.524
0.529
0.519
0.521
0.512
0.512
0.512
0.514
0.511
0.511
0.514
0.51
0.514
0.507
0.511
0.509
0.514
0.51
0.508
0.511
0.516
0.51
0.509
0.507
0.513
0.512
0.511
0.509
0.511
0.51
0.517
0.505
0.517
0.512
0.511
0.509
0.518
0.508
0.513
0.511
0.509
0.513
0.513
0.518
0.514
0.516
0.509
0.509
0.506
0.517
0.509
0.514
0.515
0.512
0.517
0.514
0.519
0.512
0.51
0.516
0.511
0.515
0.512
0.515
0.511
0.506
0.516
0.514
0.517
0.515
0.517
0.514
0.511
0.516
0.512
0.514
0.515
0.51
0.51
0.515
0.511
0.511
0.511
0.513
0.507
0.515
0.521
0.51
0.509
0.51
0.512
0.521
0.512
0.507
0.514
0.514
0.505
0.508
0.514
0.513
0.51
0.51
0.518
0.519
0.525
0.531
0.538
0.541
0.544
0.543
0.554
0.557
0.561
0.565
0.572
0.577
0.57
0.583
0.581
0.595
0.605
0.606
0.609
0.605
0.617
0.617
0.623
0.623
0.631
0.635
0.628
0.633
0.641
0.64
0.647
0.647
0.659
0.661
0.664
0.672
0.671
0.69
0.696
0.694
0.707
0.716
0.713
0.728
0.732
0.741
0.744
0.746
0.747
0.757
0.758
0.763
0.765
0.772
0.769
0.774
0.782
0.781
0.786
0.782
0.792
0.783
0.786
0.786
0.79
0.78
0.782
0.788
0.785
0.786
0.792
0.795
0.792
0.795
0.792
0.794
0.793
0.794
0.795
0.796
0.792
0.789
0.84
0.838
0.842
0.836
0.839
0.836
0.835
0.837
0.827
0.83
0.825
0.823
0.816
0.812
0.769
0.758
0.754
0.748
0.741
0.747
0.744
0.749
0.736
0.738
0.741
0.764
0.782
0.773
0.783
0.769
0.769
0.758
0.754
0.756
0.752
0.746
0.745
0.743
0.739
0.744
0.733
0.735
0.735
0.726
0.733
0.735
0.729
0.735
0.73
0.728
0.731
0.734
0.738
0.743
0.741
0.742
0.746
0.749
0.749
0.746
0.747
0.743
0.74
0.74
0.734
0.726
0.717
0.716
0.675
0.661
0.673
0.709
0.709
0.72
0.728
0.734
0.739
0.736
0.742
0.741
0.734
0.741
0.738
0.736
0.733
0.737
0.737
0.733
0.733
0.732
0.731
0.73
0.734
0.73
0.734
0.728
0.731
0.731
0.74
0.731
0.734
0.733
0.729
0.731
0.733
0.73
0.732
0.732
0.732
0.736
0.733
0.737
0.727
0.736
0.736
0.734
0.734
0.737
0.734
0.736
0.736
0.736
0.737
0.734
0.736
0.73
0.734
0.739
0.738
0.737
0.734
0.734
0.738
0.738
0.733
0.734
0.737
0.729
0.741
0.731
0.73
0.738
0.729
0.737
0.736
0.733
0.735
0.739
0.732
0.736
0.729
0.735
0.739
0.732
0.733
0.731
0.732
0.732
0.734
0.732
0.738
0.73
0.736
0.726
0.737
0.736
0.735
0.735
0.734
0.732
0.733
0.739
0.732
0.732
0.73
0.727
0.731
0.734
0.732
0.725
0.734
0.732
0.729
0.736
0.737
0.732
0.731
0.731
0.731
0.738
0.736
0.733
0.732
0.733
0.741
0.728
0.737
0.731
0.737
0.733
0.73
0.734
0.736
0.733
0.738
0.729
0.74
0.73
0.731
0.734
0.732
0.731
0.734
0.732
0.732
0.734
0.732
0.733
0.735
0.737
0.732
0.732
0.73
0.733
0.728
0.741
0.73
0.733
0.731
0.726
0.737
0.731
0.725
0.73
0.735
0.726
0.728
0.732
0.728
0.731
0.731
0.731
0.734
0.736
0.737
0.734
0.728
0.734
0.73
0.731
0.733
0.737
0.726
0.737
0.735
0.732
0.732
0.735
0.734
0.735
0.731
0.734
0.734
0.734
0.734
0.736
0.739
0.736
0.737
0.736
0.731
0.731
0.729
0.734
0.735
0.736
0.732
0.738
0.736
0.734
0.736
0.733
0.737
0.733
0.729
0.731
0.736
0.734
0.734
0.734
0.737
0.731
0.736
0.737
0.729
0.739
0.736
0.737
0.728
0.735
0.729
0.73
0.734
0.734
0.734
0.732
0.735
0.735
0.728
0.735
0.734
0.736
0.736
0.737
0.734
0.731
0.735
0.73
0.73
0.727
0.733
0.735
0.728
0.729
0.737
0.734
0.741
0.736
0.727
0.733
0.729
0.731
0.734
0.727
0.733
0.735
0.733
0.733
0.733
0.734
0.73
0.736
0.729
0.731
0.732
0.732
0.73
0.735
0.736
0.735
0.739
0.73
0.736
0.731
0.727
0.735
0.738
0.731
0.735
0.732
0.737
0.731
0.735
0.733
0.732
0.734
0.731
0.736
0.736
0.736
0.734
0.738
0.738
0.732
0.728
0.736
0.736
0.732
0.732
0.74
0.736
0.737
0.732
0.735
0.738
0.734
0.736
0.737
0.734
0.734
0.738
0.728
0.735
0.732
0.736
0.732
0.729
0.731
0.726
0.732
0.738
0.734
0.733
0.735
0.729
0.732
0.736
0.731
0.734
0.73
0.731
0.736
0.736
0.732
0.739
0.736
0.736
0.732
0.735
0.735
0.731
0.74
0.737
0.734
0.734
0.74
0.736
0.729
0.733
0.737
0.738
0.735
0.731
0.735
0.741
0.731
0.732
0.735
0.733
0.733
0.737
0.736
0.743
0.731
0.737
0.732
0.731
0.731
0.733
0.734
0.731
0.736
0.732
0.729
0.733
0.736
0.739
0.733
0.735
0.733
0.732
0.733
0.735
0.73
0.733
0.739
0.73
0.737
0.728
0.734
0.736
0.732
0.733
0.732
0.733
0.733
0.736
0.73
0.738
0.73
0.732
0.736
0.731
0.739
0.737
0.73
0.74
0.733
0.735
0.732
0.729
0.733
0.737
0.731
0.734
0.733
0.734
0.738
0.734
0.736
0.727
0.728
0.731
0.73
0.727
0.731
0.733
0.736
0.734
0.731
0.735
0.728
0.732
0.737
0.725
0.719
0.731
0.73
0.722
0.727
0.728
0.706
0.674
0.675
0.667
0.671
0.669
0.663
0.663
0.671
0.666
0.663
0.666
0.667
0.673
0.67
0.663
0.667
0.664
0.664
0.663
0.661
0.66
0.665
0.664
0.657
0.659
0.664
0.661
0.661
0.655
0.66
0.662
0.655
0.623
0.347
0.343
0.352
0.343
0.343
0.342
0.336
0.34
0.342
0.341
0.341
0.338
0.341
0.339
0.338
0.338
0.335
0.336
0.332
0.337
0.332
0.321
0.471
0.654
0.652
0.648
0.646
0.648
0.645
0.643
0.648
0.651
0.642
0.644
0.643
0.644
0.642
0.644
0.641
0.644
0.642
0.643
0.64
0.645
0.633
0.631
0.634
0.637
0.632
0.634
0.634
0.635
0.635
0.635
0.623
0.632
0.63
0.63
0.629
0.628
0.628
0.627
0.624
0.625
0.621
0.617
0.619
0.622
0.619
0.611
0.616
0.618
0.619
0.615
0.606
0.617
0.609
0.615
0.611
0.609
0.614
0.607
0.605
0.601
0.603
0.598
0.608
0.599
0.602
0.602
0.603
0.595
0.598
0.597
0.597
0.592
0.59
0.591
0.592
0.591
0.588
0.576
0.289
0.274
0.283
0.275
0.275
0.272
0.275
0.272
0.274
0.267
0.264
0.272
0.268
0.264
0.261
0.263
0.264
0.33
0.558
0.739
0.743
0.732
0.734
0.739
0.737
0.734
0.737
0.736
0.734
0.73
0.74
0.734
0.736
0.735
0.734
0.735
0.735
0.738
0.74
0.737
0.739
0.736
0.735
0.732
0.735
0.736
0.736
0.734
0.74
0.738
0.737
0.736
0.73
0.734
0.736
0.734
0.731
0.73
0.736
0.729
0.732
0.735
0.733
0.734
0.738
0.735
0.74
0.73
0.74
0.736
0.734
0.739
0.728
0.735
0.739
0.731
0.739
0.734
0.734
0.739
0.734
0.734
0.737
0.739
0.734
0.731
0.734
0.734
0.735
0.739
0.732
0.736
0.734
0.735
0.738
0.737
0.731
0.74
0.742
0.734
0.741
0.734
0.738
0.743
0.737
0.735
0.732
0.728
0.733
0.742
0.739
0.74
0.738
0.739
0.737
0.734
0.733
0.738
0.739
0.742
0.739
0.737
0.735
0.728
0.741
0.734
0.736
0.736
0.739
0.735
0.733
0.74
0.736
0.731
0.733
0.734
0.742
0.734
0.739
0.737
0.735
0.732
0.734
0.734
0.731
0.742
0.736
0.741
0.738
0.737
0.738
0.734
0.741
0.738
0.738
0.739
0.733
0.728
0.729
0.735
0.74
0.737
0.738
0.738
0.734
0.732
0.737
0.73
0.743
0.736
0.73
0.736
0.738
0.735
0.731
0.731
0.733
0.736
0.739
0.735
0.739
0.746
0.736
0.735
0.738
0.731
0.736
0.735
0.736
0.736
0.73
0.735
0.735
0.736
0.737
0.731
0.733
0.738
0.737
0.743
0.737
0.734
0.739
0.736
0.737
0.737
0.73
0.735
0.736
0.735
0.736
0.726
0.681
0.683
0.68
0.679
0.686
0.677
0.68
0.681
0.679
0.675
0.678
0.679
0.678
0.684
0.675
0.68
0.683
0.683
0.678
0.68
0.677
0.676
0.679
0.679
0.68
0.678
0.674
0.682
0.674
0.675
0.676
0.673
0.679
0.672
0.61
0.366
0.362
0.365
0.363
0.363
0.36
0.364
0.359
0.358
0.357
0.357
0.357
0.361
0.365
0.359
0.359
0.36
0.357
0.356
0.358
0.351
0.359
0.54
0.677
0.671
0.681
0.677
0.675
0.677
0.672
0.679
0.676
0.674
0.677
0.682
0.673
0.675
0.674
0.675
0.671
0.681
0.671
0.676
0.674
0.672
0.67
0.671
0.673
0.672
0.67
0.672
0.676
0.672
0.669
0.665
0.665
0.663
0.663
0.667
0.67
0.672
0.665
0.656
0.663
0.667
0.66
0.66
0.661
0.659
0.662
0.665
0.661
0.662
0.658
0.651
0.663
0.653
0.662
0.66
0.656
0.658
0.659
0.662
0.657
0.652
0.645
0.653
0.648
0.651
0.654
0.65
0.653
0.649
0.652
0.645
0.64
0.647
0.645
0.642
0.636
0.614
0.331
0.33
0.323
0.327
0.331
0.324
0.32
0.323
0.327
0.327
0.319
0.311
0.321
0.317
0.322
0.32
0.331
0.625
0.684
0.687
0.675
0.685
0.683
0.68
0.681
0.674
0.684
0.679
0.675
0.675
0.673
0.689
0.685
0.681
0.683
0.687
0.684
0.683
0.688
0.685
0.68
0.686
0.682
0.682
0.684
0.683
0.684
0.686
0.688
0.688
0.683
0.679
0.688
0.679
0.682
0.688
0.679
0.686
0.681
0.687
0.685
0.685
0.683
0.685
0.687
0.68
0.678
0.68
0.685
0.684
0.682
0.685
0.682
0.68
0.682
0.683
0.675
0.68
0.687
0.686
0.68
0.688
0.68
0.685
0.687
0.679
0.681
0.691
0.68
0.683
0.68
0.68
0.686
0.685
0.683
0.683
0.682
0.68
0.684
0.684
0.674
0.683
0.69
0.68
0.682
0.689
0.684
0.679
0.684
0.684
0.686
0.681
0.681
0.689
0.683
0.679
0.684
0.682
0.687
0.681
0.684
0.681
0.69
0.674
0.69
0.684
0.689
0.684
0.681
0.677
0.681
0.684
0.681
0.689
0.684
0.688
0.685
0.677
0.683
0.681
0.682
0.679
0.686
0.677
0.686
0.679
0.677
0.684
0.68
0.68
0.678
0.671
0.677
0.678
0.677
0.667
0.674
0.675
0.679
0.683
0.691
0.694
0.698
0.703
0.708
0.717
0.713
0.723
0.733
0.742
0.762
0.765
0.783
0.805
0.806
0.815
0.804
0.797
0.788
0.787
0.787
0.776
0.77
0.771
0.767
0.773
0.768
0.77
0.78
0.773
0.771
0.774
0.777
0.777
0.773
0.768
0.769
0.772
0.761
0.765
0.768
0.759
0.755
0.762
0.756
0.758
0.754
0.757
0.757
0.761
0.755
0.763
0.762
0.764
0.764
0.76
0.766
0.765
0.764
0.764
0.762
0.767
0.765
0.764
0.768
0.764
0.763
0.765
0.769
0.769
0.762
0.763
0.76
0.752
0.753
0.746
0.747
0.741
0.737
0.742
0.776
0.778
0.772
0.772
0.765
0.765
0.761
0.764
0.756
0.756
0.752
0.75
0.756
0.753
0.753
0.749
0.749
0.751
0.743
0.752
0.749
0.75
0.746
0.751
0.743
0.739
0.742
0.741
0.741
0.735
0.733
0.738
0.734
0.727
0.73
0.731
0.729
0.728
0.719
0.722
0.735
0.72
0.726
0.728
0.726
0.728
0.737
0.722
0.728
0.731
0.733
0.731
0.728
0.723
0.724
0.727
0.733
0.73
0.721
0.73
0.73
0.727
0.731
0.727
0.727
0.731
0.727
0.733
0.733
0.727
0.725
0.728
0.729
0.725
0.728
0.726
0.721
0.729
0.728
0.732
0.731
0.727
0.731
0.728
0.727
0.727
0.733
0.733
0.734
0.728
0.724
0.729
0.736
0.729
0.741
0.734
0.723
0.73
0.728
0.726
0.736
0.725
0.729
0.728
0.73
0.73
0.727
0.733
0.731
0.727
0.73
0.723
0.724
0.729
0.731
0.731
0.724
0.73
0.73
0.725
0.725
0.727
0.726
0.722
0.726
0.728
0.731
0.728
0.733
0.725
0.734
0.735
0.721
0.728
0.736
0.731
0.728
0.724
0.733
0.723
0.724
0.731
0.721
0.724
0.728
0.729
0.731
0.725
0.726
0.726
0.729
0.731
0.736
0.724
0.726
0.732
0.728
0.73
0.728
0.724
0.725
0.73
0.732
0.733
0.725
0.728
0.73
0.725
0.731
0.733
0.73
0.73
0.729
0.729
0.736
0.726
0.726
0.73
0.729
0.727
0.73
0.73
0.727
0.729
0.729
0.729
0.728
0.725
0.731
0.733
0.738
0.728
0.729
0.722
0.726
0.724
0.727
0.73
0.73
0.729
0.733
0.731
0.731
0.737
0.726
0.727
0.728
0.729
0.726
0.728
0.727
0.732
0.731
0.73
0.725
0.727
0.722
0.729
0.733
0.73
0.73
0.72
0.724
0.732
0.729
0.724
0.728
0.73
0.727
0.73
0.727
0.728
0.72
0.727
0.729
0.729
0.729
0.731
0.731
0.724
0.729
0.731
0.73
0.734
0.725
0.726
0.722
0.732
0.729
0.728
0.723
0.726
0.732
0.732
0.725
0.724
0.731
0.73
0.73
0.728
0.727
0.731
0.729
0.723
0.731
0.733
0.731
0.729
0.732
0.728
0.727
0.725
0.73
0.724
0.731
0.722
0.721
0.733
0.73
0.726
0.727
0.726
0.727
0.73
0.731
0.729
0.728
0.728
0.723
0.731
0.729
0.73
0.729
0.725
0.728
0.725
0.726
0.726
0.728
0.736
0.729
0.726
0.729
0.722
0.728
0.726
0.729
0.729
0.734
0.725
0.728
0.73
0.728
0.724
0.726
0.725
0.727
0.729
0.728
0.733
0.726
0.733
0.73
0.728
0.728
0.735
0.726
0.728
0.728
0.735
0.729
0.727
0.732
0.728
0.722
0.722
0.73
0.723
0.724
0.725
0.71
0.68
0.665
0.676
0.67
0.677
0.673
0.668
0.677
0.677
0.668
0.673
0.675
0.674
0.679
0.675
0.678
0.676
0.671
0.67
0.676
0.677
0.672
0.674
0.67
0.685
0.672
0.675
0.676
0.675
0.673
0.681
0.673
0.614
0.361
0.357
0.364
0.357
0.359
0.361
0.364
0.353
0.364
0.358
0.358
0.362
0.353
0.356
0.352
0.359
0.358
0.351
0.355
0.356
0.359
0.389
0.683
0.681
0.679
0.684
0.686
0.681
0.682
0.687
0.683
0.684
0.682
0.682
0.685
0.685
0.684
0.683
0.684
0.679
0.682
0.687
0.686
0.688
0.674
0.683
0.689
0.683
0.689
0.683
0.682
0.684
0.684
0.682
0.689
0.684
0.68
0.684
0.687
0.685
0.682
0.685
0.687
0.687
0.683
0.692
0.682
0.681
0.683
0.678
0.678
0.685
0.686
0.685
0.682
0.684
0.685
0.688
0.687
0.679
0.684
0.68
0.681
0.686
0.687
0.681
0.679
0.688
0.68
0.682
0.677
0.674
0.682
0.684
0.681
0.682
0.68
0.689
0.684
0.678
0.682
0.635
0.37
0.368
0.365
0.368
0.365
0.365
0.361
0.36
0.358
0.362
0.36
0.362
0.363
0.364
0.369
0.362
0.366
0.46
0.677
0.74
0.748
0.735
0.741
0.744
0.742
0.736
0.742
0.741
0.733
0.745
0.74
0.748
0.74
0.744
0.739
0.749
0.737
0.734
0.741
0.742
0.739
0.743
0.744
0.746
0.739
0.738
0.747
0.732
0.747
0.738
0.742
0.738
0.741
0.744
0.74
0.742
0.744
0.74
0.74
0.74
0.739
0.742
0.739
0.742
0.749
0.745
0.742
0.743
0.744
0.741
0.736
0.74
0.742
0.741
0.746
0.742
0.746
0.737
0.739
0.739
0.747
0.743
0.74
0.745
0.738
0.738
0.739
0.742
0.747
0.733
0.74
0.743
0.745
0.74
0.74
0.745
0.744
0.747
0.738
0.742
0.744
0.74
0.742
0.744
0.745
0.738
0.749
0.736
0.744
0.742
0.743
0.735
0.737
0.745
0.743
0.748
0.744
0.738
0.744
0.75
0.736
0.747
0.742
0.742
0.74
0.746
0.746
0.748
0.739
0.737
0.743
0.741
0.745
0.739
0.743
0.738
0.742
0.746
0.736
0.738
0.744
0.747
0.74
0.748
0.748
0.743
0.746
0.739
0.74
0.74
0.746
0.739
0.74
0.745
0.739
0.727
0.695
0.693
0.693
0.695
0.686
0.7
0.695
0.693
0.698
0.692
0.693
0.696
0.696
0.697
0.694
0.695
0.702
0.699
0.693
0.696
0.699
0.694
0.693
0.698
0.7
0.695
0.702
0.699
0.698
0.698
0.698
0.699
0.701
0.614
0.394
0.386
0.385
0.386
0.387
0.382
0.389
0.387
0.39
0.386
0.388
0.385
0.393
0.382
0.387
0.386
0.387
0.389
0.39
0.389
0.388
0.386
0.396
0.434
0.702
0.706
0.71
0.71
0.717
0.717
0.715
0.714
0.726
0.714
0.717
0.716
0.713
0.717
0.719
0.712
0.708
0.724
0.71
0.712
0.716
0.723
0.717
0.725
0.722
0.719
0.716
0.717
0.719
0.721
0.72
0.721
0.724
0.716
0.721
0.714
0.719
0.728
0.724
0.722
0.719
0.721
0.721
0.719
0.724
0.726
0.722
0.722
0.719
0.721
0.721
0.722
0.722
0.725
0.725
0.725
0.72
0.722
0.723
0.726
0.728
0.727
0.73
0.721
0.731
0.723
0.725
0.729
0.726
0.727
0.729
0.732
0.73
0.726
0.731
0.731
0.725
0.733
0.732
0.733
0.728
0.727
0.728
0.647
0.419
0.419
0.415
0.415
0.411
0.415
0.412
0.415
0.416
0.416
0.414
0.408
0.413
0.412
0.415
0.411
0.404
0.415
0.675
0.727
0.732
0.727
0.725
0.729
0.723
0.726
0.726
0.726
0.724
0.725
0.724
0.729
0.729
0.721
0.724
0.728
0.729
0.725
0.73
0.724
0.729
0.725
0.734
0.737
0.728
0.723
0.729
0.721
0.725
0.725
0.72
0.722
0.718
0.719
0.73
0.722
0.722
0.723
0.721
0.724
0.73
0.725
0.717
0.723
0.726
0.717
0.72
0.721
0.721
0.717
0.724
0.72
0.723
0.723
0.715
0.72
0.718
0.721
0.72
0.719
0.718
0.719
0.715
0.717
0.719
0.721
0.721
0.715
0.721
0.727
0.716
0.718
0.71
0.716
0.716
0.712
0.715
0.709
0.711
0.72
0.711
0.714
0.714
0.712
0.717
0.711
0.716
0.713
0.716
0.717
0.715
0.71
0.718
0.715
0.713
0.71
0.72
0.713
0.714
0.715
0.711
0.714
0.719
0.711
0.715
0.71
0.705
0.654
0.645
0.635
0.638
0.638
0.639
0.638
0.634
0.63
0.635
0.641
0.682
0.708
0.703
0.708
0.716
0.711
0.714
0.709
0.707
0.708
0.697
0.656
0.643
0.633
0.641
0.639
0.638
0.632
0.635
0.642
0.641
0.636
0.606
0.579
0.563
0.55
0.547
0.55
0.536
0.545
0.536
0.529
0.522
0.524
0.521
0.52
0.51
0.507
0.502
0.5
0.506
0.489
0.494
0.5
0.488
0.485
0.489
0.491
0.493
0.479
0.489
0.477
0.486
0.488
0.487
0.49
0.485
0.485
0.486
0.491
0.489
0.484
0.484
0.49
0.488
0.489
0.488
0.485
0.492
0.485
0.483
0.489
0.491
0.488
0.49
0.491
0.486
0.487
0.49
0.5
0.502
0.516
0.53
0.545
0.554
0.625
0.638
0.639
0.718
0.717
0.716
0.717
0.719
0.712
0.715
0.712
0.711
0.714
0.712
0.709
0.712
0.707
0.712
0.71
0.711
0.709
0.706
0.709
0.703
0.708
0.706
0.702
0.706
0.708
0.708
0.703
0.704
0.703
0.707
0.707
0.716
0.716
0.725
0.733
0.739
0.741
0.745
0.749
0.742
0.744
0.744
0.736
0.729
0.73
0.721
0.727
0.728
0.721
0.72
0.721
0.721
0.724
0.717
0.722
0.721
0.714
0.718
0.715
0.711
0.712
0.712
0.713
0.707
0.7
0.71
0.711
0.707
0.713
0.711
0.688
0.418
0.39
0.39
0.39
0.395
0.395
0.387
0.39
0.394
0.391
0.39
0.386
0.384
0.382
0.386
0.393
0.388
0.386
0.384
0.383
0.387
0.381
0.387
0.385
0.383
0.385
0.396
0.395
0.4
0.4
0.402
0.4
0.409
0.478
0.59
0.728
0.721
0.725
0.716
0.721
0.726
0.726
0.726
0.726
0.725
0.725
0.726
0.728
0.727
0.734
0.729
0.724
0.729
0.719
0.723
0.723
0.724
0.727
0.723
0.725
0.725
0.73
0.728
0.728
0.722
0.726
0.723
0.732
0.728
0.724
0.731
0.722
0.728
0.725
0.729
0.721
0.725
0.733
0.722
0.728
0.726
0.728
0.728
0.723
0.726
0.724
0.725
0.723
0.73
0.724
0.729
0.731
0.724
0.73
0.73
0.728
0.728
0.718
0.728
0.725
0.731
0.725
0.732
0.729
0.72
0.727
0.726
0.725
0.73
0.724
0.724
0.728
0.727
0.727
0.727
0.731
0.726
0.726
0.728
0.725
0.722
0.728
0.726
0.725
0.724
0.724
0.727
0.728
0.73
0.727
0.721
0.723
0.723
0.722
0.724
0.728
0.728
0.721
0.73
0.725
0.724
0.721
0.717
0.719
0.714
0.709
0.67
0.663
0.661
0.665
0.666
0.669
0.662
0.657
0.659
0.667
0.661
0.664
0.662
0.663
0.66
0.671
0.662
0.667
0.663
0.666
0.659
0.66
0.663
0.662
0.656
0.657
0.661
0.662
0.661
0.662
0.657
0.663
0.619
0.354
0.345
0.345
0.34
0.344
0.346
0.34
0.34
0.339
0.338
0.341
0.34
0.339
0.342
0.341
0.341
0.334
0.337
0.343
0.344
0.337
0.347
0.334
0.346
0.523
0.65
0.658
0.656
0.656
0.656
0.656
0.653
0.657
0.648
0.651
0.649
0.652
0.65
0.65
0.649
0.651
0.647
0.649
0.648
0.651
0.655
0.65
0.65
0.639
0.647
0.644
0.648
0.645
0.643
0.645
0.646
0.648
0.644
0.643
0.643
0.64
0.64
0.636
0.638
0.636
0.643
0.636
0.635
0.635
0.635
0.641
0.636
0.644
0.643
0.635
0.637
0.638
0.629
0.636
0.632
0.633
0.627
0.627
0.632
0.632
0.634
0.629
0.635
0.63
0.624
0.632
0.629
0.624
0.633
0.627
0.623
0.626
0.62
0.623
0.625
0.62
0.624
0.618
0.616
0.621
0.615
0.615
0.615
0.617
0.615
0.613
0.583
0.302
0.306
0.301
0.303
0.307
0.305
0.297
0.299
0.298
0.299
0.301
0.293
0.292
0.298
0.295
0.294
0.294
0.298
0.289
0.306
0.48
0.595
0.748
0.737
0.745
0.738
0.741
0.744
0.739
0.743
0.737
0.742
0.746
0.738
0.741
0.74
0.744
0.739
0.744
0.74
0.737
0.738
0.749
0.741
0.741
0.739
0.735
0.741
0.741
0.748
0.745
0.739
0.742
0.741
0.738
0.73
0.737
0.744
0.738
0.738
0.739
0.747
0.743
0.743
0.741
0.743
0.745
0.742
0.746
0.734
0.742
0.739
0.735
0.747
0.739
0.744
0.74
0.739
0.741
0.746
0.749
0.743
0.741
0.749
0.741
0.744
0.742
0.742
0.747
0.742
0.74
0.747
0.74
0.746
0.741
0.739
0.742
0.749
0.742
0.742
0.737
0.739
0.739
0.733
0.736
0.729
0.737
0.728
0.73
0.735
0.715
0.689
0.672
0.675
0.677
0.677
0.679
0.674
0.678
0.671
0.673
0.671
0.677
0.672
0.674
0.669
0.676
0.67
0.674
0.671
0.669
0.669
0.672
0.668
0.665
0.673
0.665
0.664
0.665
0.664
0.668
0.65
0.415
0.35
0.348
0.346
0.352
0.348
0.351
0.348
0.354
0.345
0.352
0.344
0.341
0.344
0.343
0.345
0.342
0.344
0.34
0.343
0.341
0.337
0.338
0.339
0.552
0.655
0.654
0.661
0.65
0.657
0.651
0.65
0.647
0.651
0.653
0.648
0.645
0.639
0.649
0.647
0.65
0.647
0.638
0.645
0.645
0.641
0.643
0.641
0.642
0.635
0.641
0.638
0.637
0.637
0.634
0.637
0.63
0.636
0.636
0.633
0.629
0.626
0.633
0.631
0.629
0.625
0.627
0.625
0.62
0.622
0.622
0.626
0.622
0.617
0.623
0.619
0.618
0.621
0.617
0.614
0.608
0.614
0.608
0.607
0.615
0.607
0.611
0.599
0.603
0.609
0.602
0.604
0.597
0.595
0.599
0.594
0.597
0.594
0.596
0.596
0.599
0.595
0.585
0.585
0.584
0.587
0.583
0.579
0.407
0.281
0.273
0.272
0.27
0.269
0.268
0.265
0.261
0.268
0.266
0.26
0.261
0.258
0.264
0.257
0.253
0.26
0.267
0.429
0.557
0.722
0.721
0.72
0.72
0.715
0.727
0.716
0.714
0.719
0.713
0.72
0.722
0.725
0.72
0.716
0.721
0.716
0.72
0.72
0.72
0.72
0.717
0.718
0.715
0.717
0.719
0.717
0.721
0.723
0.718
0.722
0.723
0.716
0.715
0.717
0.722
0.72
0.722
0.715
0.717
0.722
0.728
0.721
0.723
0.72
0.72
0.721
0.723
0.72
0.719
0.72
0.716
0.724
0.722
0.718
0.724
0.723
0.72
0.722
0.721
0.724
0.722
0.722
0.73
0.721
0.716
0.723
0.721
0.721
0.719
0.726
0.719
0.719
0.719
0.717
0.723
0.723
0.72
0.729
0.719
0.721
0.718
0.722
0.719
0.722
0.719
0.72
0.723
0.724
0.725
0.723
0.724
0.72
0.725
0.725
0.716
0.721
0.716
0.722
0.727
0.724
0.715
0.716
0.72
0.722
0.712
0.723
0.722
0.724
0.719
0.724
0.717
0.718
0.72
0.721
0.73
0.721
0.719
0.727
0.725
0.719
0.721
0.718
0.727
0.719
0.726
0.717
0.715
0.719
0.717
0.721
0.72
0.721
0.718
0.717
0.722
0.718
0.72
0.723
0.72
0.721
0.715
0.722
0.718
0.718
0.727
0.713
0.718
0.722
0.721
0.723
0.719
0.721
0.722
0.72
0.723
0.722
0.719
0.723
0.72
0.724
0.722
0.729
0.721
0.721
0.721
0.717
0.714
0.722
0.72
0.722
0.725
0.725
0.724
0.72
0.726
0.725
0.729
0.726
0.725
0.719
0.719
0.726
0.727
0.722
0.719
0.722
0.718
0.728
0.724
0.722
0.725
0.724
0.727
0.724
0.726
0.716
0.723
0.724
0.723
0.717
0.72
0.718
0.723
0.721
0.72
0.722
0.715
0.706
0.664
0.664
0.667
0.661
0.667
0.671
0.667
0.663
0.665
0.67
0.666
0.666
0.665
0.661
0.663
0.666
0.666
0.672
0.666
0.667
0.668
0.666
0.668
0.667
0.667
0.666
0.67
0.667
0.667
0.667
0.666
0.667
0.66
0.66
0.562
0.359
0.354
0.353
0.357
0.356
0.354
0.353
0.356
0.361
0.356
0.353
0.36
0.357
0.356
0.351
0.355
0.353
0.353
0.349
0.363
0.353
0.358
0.35
0.365
0.659
0.678
0.682
0.677
0.678
0.676
0.675
0.68
0.674
0.678
0.681
0.687
0.681
0.679
0.68
0.684
0.685
0.683
0.68
0.685
0.687
0.678
0.679
0.681
0.681
0.684
0.684
0.681
0.678
0.69
0.679
0.681
0.686
0.679
0.68
0.683
0.686
0.689
0.69
0.686
0.692
0.689
0.685
0.687
0.682
0.689
0.685
0.69
0.692
0.685
0.689
0.685
0.696
0.691
0.692
0.689
0.69
0.687
0.69
0.689
0.682
0.686
0.687
0.685
0.695
0.69
0.689
0.689
0.684
0.697
0.687
0.688
0.696
0.687
0.687
0.693
0.687
0.688
0.693
0.688
0.687
0.691
0.692
0.683
0.681
0.687
0.665
0.38
0.375
0.375
0.378
0.37
0.372
0.376
0.377
0.378
0.376
0.373
0.375
0.368
0.382
0.376
0.374
0.38
0.373
0.428
0.686
0.719
0.722
0.72
0.718
0.726
0.723
0.725
0.722
0.721
0.722
0.722
0.713
0.717
0.721
0.725
0.719
0.723
0.719
0.726
0.718
0.719
0.72
0.721
0.713
0.717
0.721
0.713
0.723
0.714
0.722
0.719
0.716
0.719
0.716
0.717
0.716
0.722
0.718
0.715
0.717
0.723
0.716
0.714
0.72
0.716
0.718
0.727
0.718
0.717
0.721
0.724
0.718
0.722
0.72
0.726
0.711
0.72
0.718
0.718
0.715
0.72
0.722
0.72
0.722
0.716
0.723
0.717
0.716
0.722
0.725
0.718
0.72
0.716
0.717
0.714
0.716
0.717
0.716
0.717
0.722
0.724
0.72
0.718
0.717
0.715
0.716
0.719
0.715
0.724
0.725
0.714
0.723
0.713
0.717
0.713
0.718
0.722
0.725
0.724
0.717
0.716
0.717
0.715
0.718
0.721
0.711
0.724
0.718
0.72
0.72
0.717
0.721
0.719
0.721
0.715
0.718
0.727
0.716
0.718
0.722
0.723
0.722
0.718
0.72
0.717
0.722
0.72
0.723
0.72
0.726
0.721
0.722
0.72
0.723
0.72
0.721
0.72
0.72
0.718
0.729
0.72
0.73
0.721
0.729
0.724
0.722
0.728
0.721
0.721
0.722
0.723
0.716
0.725
0.723
0.72
0.724
0.72
0.718
0.711
0.719
0.719
0.721
0.718
0.711
0.69
0.669
0.66
0.662
0.662
0.663
0.67
0.657
0.665
0.665
0.664
0.663
0.659
0.669
0.663
0.664
0.661
0.661
0.661
0.661
0.655
0.659
0.658
0.659
0.659
0.66
0.662
0.667
0.662
0.649
0.658
0.666
0.658
0.459
0.353
0.349
0.351
0.352
0.345
0.348
0.345
0.348
0.343
0.348
0.337
0.346
0.342
0.341
0.345
0.341
0.348
0.342
0.335
0.346
0.339
0.344
0.343
0.55
0.664
0.659
0.661
0.659
0.657
0.662
0.665
0.663
0.664
0.663
0.665
0.664
0.665
0.658
0.665
0.668
0.662
0.658
0.663
0.665
0.662
0.662
0.656
0.659
0.664
0.668
0.662
0.655
0.661
0.661
0.66
0.656
0.658
0.653
0.659
0.658
0.662
0.656
0.665
0.659
0.656
0.656
0.66
0.661
0.654
0.659
0.656
0.656
0.658
0.655
0.654
0.653
0.656
0.653
0.655
0.657
0.651
0.651
0.648
0.656
0.65
0.651
0.649
0.653
0.651
0.648
0.649
0.654
0.64
0.653
0.648
0.648
0.648
0.65
0.648
0.651
0.65
0.645
0.643
0.648
0.649
0.645
0.641
0.645
0.64
0.636
0.409
0.331
0.333
0.332
0.327
0.324
0.328
0.328
0.326
0.323
0.325
0.324
0.329
0.316
0.323
0.321
0.325
0.327
0.325
0.541
0.738
0.736
0.741
0.738
0.736
0.741
0.733
0.746
0.744
0.737
0.743
0.734
0.74
0.741
0.744
0.739
0.74
0.739
0.735
0.741
0.735
0.738
0.739
0.737
0.74
0.739
0.732
0.74
0.745
0.743
0.741
0.739
0.739
0.741
0.746
0.743
0.738
0.739
0.734
0.736
0.741
0.739
0.742
0.736
0.736
0.735
0.735
0.738
0.736
0.736
0.738
0.734
0.739
0.734
0.733
0.74
0.738
0.741
0.74
0.73
0.742
0.738
0.74
0.738
0.735
0.746
0.739
0.734
0.739
0.735
0.737
0.737
0.736
0.738
0.74
0.741
0.741
0.732
0.739
0.742
0.739
0.742
0.742
0.731
0.74
0.737
0.737
0.74
0.735
0.729
0.736
0.73
0.734
0.743
0.736
0.738
0.735
0.739
0.736
0.739
0.736
0.738
0.738
0.736
0.734
0.737
0.737
0.74
0.736
0.743
0.739
0.74
0.737
0.744
0.743
0.738
0.734
0.742
0.737
0.742
0.743
0.74
0.736
0.739
0.739
0.74
0.74
0.745
0.74
0.742
0.741
0.74
0.735
0.738
0.739
0.742
0.742
0.733
0.736
0.74
0.74
0.744
0.741
0.744
0.747
0.734
0.741
0.741
0.74
0.743
0.735
0.741
0.748
0.737
0.739
0.737
0.74
0.739
0.736
0.741
0.737
0.74
0.741
0.744
0.741
0.74
0.742
0.739
0.743
0.739
0.739
0.744
0.742
0.739
0.733
0.744
0.74
0.748
0.745
0.743
0.747
0.741
0.746
0.745
0.734
0.727
0.733
0.738
0.737
0.739
0.738
0.745
0.735
0.709
0.687
0.687
0.69
0.681
0.695
0.683
0.686
0.688
0.684
0.687
0.692
0.687
0.689
0.689
0.688
0.688
0.69
0.691
0.691
0.692
0.684
0.693
0.688
0.694
0.691
0.691
0.688
0.69
0.692
0.694
0.692
0.693
0.695
0.694
0.68
0.621
0.388
0.377
0.374
0.382
0.378
0.384
0.382
0.381
0.375
0.385
0.374
0.375
0.374
0.372
0.37
0.376
0.379
0.372
0.378
0.375
0.38
0.383
0.373
0.382
0.381
0.385
0.667
0.698
0.698
0.7
0.703
0.699
0.699
0.696
0.698
0.705
0.704
0.706
0.704
0.706
0.701
0.701
0.712
0.7
0.698
0.702
0.704
0.705
0.703
0.704
0.708
0.704
0.705
0.707
0.707
0.708
0.701
0.705
0.708
0.699
0.703
0.7
0.701
0.705
0.705
0.699
0.705
0.706
0.703
0.707
0.708
0.706
0.702
0.713
0.704
0.708
0.709
0.703
0.704
0.707
0.698
0.704
0.709
0.701
0.703
0.71
0.707
0.706
0.708
0.706
0.705
0.7
0.708
0.703
0.707
0.709
0.704
0.704
0.705
0.702
0.705
0.706
0.705
0.704
0.705
0.711
0.701
0.704
0.706
0.709
0.707
0.707
0.706
0.703
0.704
0.698
0.699
0.702
0.695
0.7
0.652
0.386
0.386
0.389
0.391
0.386
0.386
0.387
0.391
0.384
0.388
0.389
0.376
0.382
0.382
0.378
0.384
0.383
0.383
0.385
0.385
0.629
                                                                                                                                                                                                                                                                                                                                                                                                                                                                                                                                                                                                                                                                                                                                                                                                                                                                                                                                                                                                                                                                                                                                                                                                                                                                                                                                                                                                                                                                                                                                                                                                                                                                                                                                                                                                                                                                                                                                                                                                                                                                                                                                                                                                                                                                                                                                                                                                                                                                                                                                                                                                                                                                                                                                                                                                                                                                                                                                                                                                                                                                                                                                                                                                                                                                                                                        