2.66
2.684
2.673
2.674
2.685
2.679
2.682
2.68
2.671
2.695
2.677
2.691
2.668
2.666
2.67
2.683
2.695
2.665
2.692
2.681
2.675
2.661
2.672
2.678
2.695
2.681
2.681
2.669
2.679
2.688
2.677
2.69
2.676
2.668
2.698
2.685
2.677
2.686
2.691
2.677
2.675
2.675
2.685
2.696
2.686
2.668
2.675
2.678
2.692
2.682
2.662
2.685
2.685
2.69
2.678
2.675
2.661
2.666
2.666
2.667
2.698
2.673
2.688
2.681
2.681
2.697
2.682
2.686
2.678
2.689
2.698
2.669
2.677
2.665
2.67
2.692
2.686
2.679
2.676
2.669
2.682
2.689
2.683
2.671
2.683
2.673
2.684
2.665
2.677
2.68
2.669
2.683
2.675
2.676
2.678
2.69
2.685
2.684
2.686
2.681
2.688
2.685
2.675
2.676
2.683
2.677
2.663
2.672
2.698
2.695
2.668
2.677
2.681
2.681
2.681
2.683
2.681
2.679
2.686
2.684
2.697
2.677
2.676
2.681
2.672
2.67
2.675
2.679
2.692
2.672
2.673
2.684
2.683
2.674
2.69
2.67
2.684
2.682
2.696
2.663
2.683
2.678
2.68
2.698
2.682
2.68
2.685
2.668
2.67
2.68
2.686
2.697
2.681
2.678
2.684
2.675
2.683
0.442
0.441
0.44
2.684
2.675
2.692
2.683
2.686
2.682
2.694
2.668
2.671
2.684
2.677
2.679
2.684
2.675
2.669
2.686
2.675
2.671
2.671
2.695
2.671
2.68
2.68
2.666
2.673
2.7
2.679
2.679
2.68
2.662
2.673
2.688
2.686
2.678
2.685
2.682
2.693
2.688
2.676
2.685
2.67
2.677
2.682
2.673
2.681
2.685
2.682
2.675
2.672
2.681
2.682
2.687
2.694
0.405
2.678
2.68
2.677
2.685
2.677
2.695
2.684
2.682
2.668
2.68
2.673
2.669
2.674
2.678
2.678
2.689
2.677
2.676
2.669
2.68
2.684
2.691
2.678
2.683
2.679
2.695
2.693
2.678
2.674
2.681
2.681
2.669
2.687
2.69
2.697
2.688
2.694
2.68
2.673
2.678
2.683
2.683
2.685
2.674
2.691
2.682
2.673
2.685
2.684
2.685
2.661
2.692
2.684
2.694
2.676
2.675
2.686
2.688
2.679
2.691
2.672
2.678
2.668
2.67
2.683
2.674
2.674
2.696
2.684
2.676
2.673
2.665
2.692
2.671
2.674
2.667
2.679
2.68
2.695
2.675
2.68
0.385
0.367
0.364
0.372
0.368
0.363
0.374
0.368
0.365
0.366
0.368
0.364
0.37
0.371
0.366
0.363
0.365
0.36
0.364
0.364
0.358
0.358
0.358
0.361
0.359
0.357
0.356
0.357
0.36
0.368
0.359
0.367
0.362
0.362
0.367
2.67
2.683
2.666
2.671
2.668
2.693
2.663
2.661
2.683
2.677
2.705
2.676
2.674
2.681
2.672
2.674
2.683
2.67
2.701
2.665
2.683
2.659
2.682
2.676
2.671
2.676
2.68
2.677
2.675
2.694
2.692
2.67
2.681
2.667
2.663
2.687
2.681
2.683
2.678
2.676
2.672
2.68
2.689
2.679
2.696
2.682
2.668
2.681
2.688
2.683
2.666
2.683
2.674
2.687
2.694
2.664
2.681
2.68
2.676
2.697
2.678
2.673
0.361
0.35
0.345
0.35
0.354
0.352
0.349
0.351
0.348
0.35
0.348
0.347
0.35
0.336
0.342
0.345
0.343
0.339
0.346
0.338
0.34
0.341
0.34
0.343
0.342
0.347
0.342
0.346
0.343
0.341
0.347
0.342
0.349
0.347
0.344
0.343
0.349
0.344
0.344
0.339
0.339
0.347
0.341
0.34
0.349
0.339
0.343
0.341
0.345
0.343
0.339
0.343
0.336
0.343
0.341
0.341
0.345
0.353
0.357
0.344
2.668
2.679
2.684
2.675
2.683
2.688
2.669
2.674
2.673
2.675
2.67
2.664
2.678
2.668
2.686
2.677
2.668
2.674
2.691
2.674
2.68
2.68
2.682
2.676
2.68
2.683
2.673
2.685
2.682
2.673
2.672
2.673
2.682
2.678
2.685
2.682
2.674
2.663
2.685
2.673
2.676
2.669
2.693
2.684
2.683
2.671
2.697
2.66
2.679
2.686
2.677
2.681
2.68
2.678
2.7
2.68
2.676
2.667
2.682
2.672
2.676
2.681
2.669
2.666
2.685
2.674
2.675
2.684
2.683
2.681
2.664
2.673
2.676
2.673
2.684
2.687
2.68
2.682
2.663
2.69
2.667
2.676
2.676
2.688
2.671
2.684
2.679
2.683
2.677
2.677
2.667
2.679
2.674
2.686
2.669
2.673
2.671
2.666
2.665
2.675
2.683
2.676
2.673
2.677
2.679
2.682
2.673
2.689
2.682
2.671
2.698
2.683
2.661
2.675
2.685
2.673
2.686
2.688
2.678
2.68
2.67
2.674
2.686
2.681
2.669
2.668
2.683
2.676
2.682
2.681
2.685
2.684
2.664
2.675
2.677
2.687
2.686
2.679
2.682
2.68
2.682
2.672
2.673
2.679
2.674
2.668
2.675
2.662
0.304
0.331
0.314
0.31
0.314
0.31
0.312
0.31
0.313
0.318
0.313
0.312
0.313
0.315
0.313
0.309
0.31
0.318
0.311
0.305
0.304
0.3
0.304
0.302
0.298
0.303
0.297
0.303
0.3
0.302
0.3
0.299
0.302
0.303
0.304
0.299
0.305
0.306
0.302
0.304
0.309
0.303
0.304
0.307
0.307
0.316
0.316
0.311
0.319
0.308
0.309
0.31
0.309
0.31
0.308
0.306
0.325
0.309
0.302
2.682
2.674
2.667
2.68
2.668
2.68
2.681
2.676
2.684
2.679
2.673
2.675
2.672
2.68
2.68
2.668
2.681
2.675
2.669
2.682
2.672
2.693
2.686
2.692
2.688
2.673
2.682
2.66
2.679
2.681
2.688
2.678
2.672
2.69
2.701
2.654
2.68
2.657
2.674
2.673
2.65
2.674
2.677
2.681
2.665
2.679
2.689
2.689
2.678
2.683
2.681
2.677
2.686
2.677
2.684
2.667
2.678
2.675
2.692
2.67
2.67
2.68
2.667
2.676
2.687
2.683
2.669
2.673
2.676
2.695
2.672
2.675
2.679
2.665
2.685
2.681
2.679
2.687
0.331
0.343
0.342
0.333
0.333
0.328
0.333
0.327
0.325
0.328
0.324
0.329
0.323
0.327
0.325
0.327
0.324
0.324
0.325
0.319
0.322
0.325
0.329
0.32
0.326
0.323
0.321
0.323
0.321
0.325
0.324
0.327
0.319
0.318
0.321
0.323
0.327
0.324
0.327
0.317
0.318
0.323
0.323
0.323
0.322
0.321
0.319
0.332
0.323
0.325
0.331
0.327
0.322
0.338
0.323
0.324
0.307
2.679
2.691
2.674
2.682
2.691
2.692
2.671
2.674
2.684
2.691
2.668
2.679
2.663
2.681
2.678
2.683
2.694
2.688
2.676
2.674
2.678
2.687
2.682
2.671
2.681
2.67
2.676
2.672
2.659
2.662
2.681
2.693
2.683
2.688
2.691
2.674
2.663
2.675
2.68
2.688
2.696
2.677
2.669
2.683
2.675
2.677
2.658
2.674
2.685
2.681
2.691
2.672
2.686
2.658
2.685
2.678
2.68
2.682
2.688
2.685
2.678
2.682
2.671
2.677
2.677
2.68
2.672
2.674
2.697
2.671
2.691
2.667
2.701
2.664
2.681
2.676
2.68
2.695
2.686
2.667
2.676
2.651
0.294
0.287
0.288
0.294
0.288
0.298
0.289
0.291
0.291
0.287
0.294
0.283
0.286
0.288
0.291
0.289
0.287
0.287
0.285
0.295
0.288
0.291
0.287
0.286
0.286
0.285
0.286
0.291
0.283
0.284
0.293
0.29
0.281
0.29
0.281
0.289
0.281
0.287
0.284
0.293
0.288
0.292
2.675
2.672
2.691
2.676
2.68
2.684
2.674
2.683
2.684
2.679
2.672
2.679
2.674
2.687
2.69
2.689
2.678
2.674
2.673
2.681
2.679
2.685
2.67
2.673
2.687
2.689
2.676
2.673
2.705
2.671
2.658
2.671
2.687
2.687
2.661
2.674
2.69
2.677
2.683
2.691
2.682
2.669
2.682
2.677
2.675
2.677
2.675
2.685
2.682
2.678
2.675
2.686
2.688
2.673
2.685
2.678
2.684
2.665
2.68
2.669
2.676
2.689
2.673
2.669
2.688
2.684
2.677
2.672
2.677
2.674
2.691
2.687
2.683
2.685
2.683
2.665
2.677
2.679
2.672
2.692
2.676
2.678
2.694
2.688
2.672
2.679
2.681
2.675
0.284
0.284
0.27
0.284
0.28
0.273
0.281
0.278
0.274
0.275
0.274
0.27
0.277
0.268
0.273
0.275
0.269
0.27
0.272
0.266
0.27
0.264
0.277
0.269
0.269
0.274
0.275
0.28
0.268
0.275
0.273
0.271
0.274
0.275
0.276
0.27
0.266
0.271
0.271
0.272
0.264
0.27
0.274
0.273
0.27
0.274
0.277
0.281
0.285
0.283
0.291
2.679
2.676
2.701
2.683
2.694
2.688
2.686
2.682
2.672
2.682
2.69
2.688
2.677
2.683
2.68
2.676
2.688
2.671
2.677
2.683
2.686
2.682
2.673
2.688
2.685
2.699
2.673
2.689
2.696
2.663
2.679
2.682
2.678
2.697
2.665
2.696
2.686
2.687
2.681
2.69
2.669
2.694
2.679
2.681
2.688
2.697
2.671
2.688
2.675
2.689
2.675
2.684
2.683
2.675
2.683
2.675
2.689
2.686
2.685
2.679
2.688
2.682
2.694
2.685
2.676
2.695
2.678
2.676
2.688
2.676
2.67
2.696
2.673
2.682
2.699
2.697
2.68
2.681
2.676
2.68
2.678
2.683
2.694
2.687
2.672
2.696
2.683
2.689
2.686
2.695
2.67
2.667
2.67
2.693
2.672
2.698
2.694
2.697
2.684
2.681
2.673
2.688
2.699
2.677
2.682
2.688
2.691
2.669
2.678
2.679
2.695
2.688
2.67
2.683
2.689
2.682
2.68
2.688
2.674
2.677
2.696
2.678
2.687
2.668
2.694
2.688
2.68
2.681
2.681
2.681
2.678
2.679
2.69
2.69
2.676
2.686
2.678
2.683
2.685
2.698
2.681
2.674
2.684
2.679
2.676
2.667
2.688
2.684
2.695
2.68
2.69
2.684
2.678
2.665
2.673
2.68
2.657
2.68
2.683
2.679
2.689
2.66
2.681
2.684
2.667
2.683
2.687
2.688
2.682
2.671
2.682
2.684
2.681
2.674
2.68
2.683
2.669
2.586
0.274
0.277
2.58
2.67
2.683
2.679
2.683
2.682
2.658
2.655
2.676
2.682
2.671
2.68
2.679
2.677
2.681
2.682
2.682
2.675
2.686
2.683
2.683
2.7
2.674
2.684
2.682
2.675
2.673
2.676
2.675
2.68
2.677
2.675
2.668
2.669
2.671
2.699
2.698
2.684
2.688
2.68
2.679
2.689
2.677
2.681
2.675
2.681
2.678
2.678
2.674
2.701
2.674
2.687
2.678
2.684
2.682
2.672
2.673
2.684
2.683
2.697
2.704
2.693
2.671
2.677
2.672
2.679
2.693
2.696
2.663
0.257
0.262
0.262
0.259
0.263
0.254
0.258
0.254
0.252
0.255
0.265
0.268
0.256
0.26
0.268
0.263
0.252
0.259
0.255
0.258
0.255
0.256
0.251
0.261
0.258
0.254
0.251
0.249
0.256
0.255
0.257
0.254
0.257
0.26
0.259
0.26
2.682
2.671
2.695
2.672
2.702
2.683
2.703
2.691
2.684
2.682
2.687
2.691
2.681
2.687
2.705
2.683
2.699
2.712
2.693
2.676
2.686
2.686
2.677
2.69
2.696
2.689
2.671
2.679
2.68
2.695
2.69
2.679
2.678
2.69
2.665
2.694
2.706
2.679
2.676
2.701
2.687
2.698
2.694
2.691
2.68
2.691
2.69
2.686
2.692
2.702
2.701
2.685
2.691
2.688
2.69
2.681
2.675
2.688
2.696
2.678
2.691
2.691
2.689
2.704
2.689
2.67
2.682
2.679
2.684
2.697
2.689
2.695
2.685
2.688
2.682
2.697
2.69
2.67
2.69
2.675
2.683
2.688
2.678
2.693
2.698
2.706
2.689
2.67
2.676
2.697
0.269
0.254
0.257
0.265
0.26
0.265
0.264
0.262
0.264
0.259
0.258
0.255
0.264
0.254
0.26
0.254
0.249
0.259
0.258
0.255
0.251
0.256
0.25
0.252
0.255
0.251
0.251
0.245
0.257
0.249
0.25
0.249
0.247
0.25
0.248
0.25
0.249
0.253
0.25
0.25
0.25
0.253
0.252
0.252
0.243
0.25
0.251
0.249
0.25
0.254
0.249
0.248
0.244
0.243
0.246
0.25
0.247
0.246
0.249
0.245
0.25
0.248
0.245
0.255
0.247
0.249
0.248
0.244
0.245
0.246
0.255
0.249
0.244
0.248
0.25
0.251
2.59
2.676
2.693
2.689
2.687
2.693
2.677
2.69
2.702
2.695
2.721
2.692
2.685
2.693
2.686
2.689
2.683
2.697
2.697
2.69
2.689
2.698
2.684
2.695
2.699
2.701
2.692
2.685
2.699
2.7
2.679
2.69
2.678
2.679
2.685
2.69
2.695
2.695
2.674
2.676
2.691
2.682
2.694
2.694
2.692
2.689
2.686
2.688
2.693
2.693
2.689
2.683
2.682
2.684
2.687
2.684
2.697
2.689
2.693
2.696
2.696
2.702
2.686
2.671
2.685
2.7
2.688
2.689
2.694
2.691
2.665
2.698
2.691
2.686
2.689
2.697
0.245
0.242
0.244
0.243
0.239
0.237
0.244
0.238
0.241
0.234
0.246
0.234
0.238
0.24
0.235
0.235
0.235
0.241
0.244
0.235
0.234
0.233
0.236
0.234
0.241
0.242
0.245
0.241
0.25
0.237
0.243
0.234
0.243
0.241
0.24
0.24
0.238
0.241
0.244
0.241
0.238
0.245
0.242
0.247
0.24
0.238
0.242
0.243
0.242
0.241
0.237
0.238
0.236
0.236
0.236
0.245
0.243
0.246
0.242
0.248
0.246
0.252
0.243
0.248
0.24
0.244
0.246
0.233
0.242
0.242
0.233
0.244
0.241
0.242
0.237
0.24
0.243
0.24
0.24
0.243
0.243
0.244
0.239
0.247
0.241
0.242
0.243
0.237
0.239
0.245
0.241
0.233
0.24
0.239
0.24
0.241
0.243
0.245
0.246
0.234
0.245
0.24
0.244
0.243
0.241
0.244
0.244
0.242
0.24
2.681
2.692
2.68
2.678
2.693
2.671
2.683
2.695
2.681
2.679
2.676
2.67
2.693
2.687
2.681
2.688
2.696
2.689
2.693
2.684
2.694
2.68
2.68
2.693
2.692
2.701
2.68
2.689
2.693
2.679
2.686
2.687
2.679
2.698
2.692
2.689
2.698
2.688
2.693
2.678
2.688
2.702
2.697
2.704
2.671
2.687
2.7
2.675
2.695
2.708
2.682
2.681
2.682
2.687
2.695
2.687
2.686
2.675
2.691
0.284
0.281
0.279
0.277
0.275
0.279
0.272
0.271
0.272
0.273
0.272
0.274
0.276
0.278
0.277
0.275
0.277
0.275
0.277
0.279
0.273
0.275
0.281
0.277
0.276
0.276
0.27
0.278
0.275
0.283
0.275
0.279
0.279
0.281
0.291
0.276
2.697
2.696
2.7
2.683
2.691
2.696
2.685
2.692
2.677
2.703
2.682
2.689
2.695
2.698
2.688
2.694
2.684
2.695
2.686
2.692
2.684
2.69
2.689
2.686
2.682
2.689
2.693
2.676
2.682
2.672
2.69
2.686
2.696
2.689
2.686
2.671
2.674
2.688
2.691
2.693
2.692
2.695
2.683
2.681
2.691
2.679
2.677
0.24
0.262
0.24
0.242
0.239
0.239
0.236
0.241
0.236
0.236
0.233
0.235
0.23
0.241
0.244
0.243
0.247
0.244
0.243
0.241
0.246
0.242
0.247
0.251
0.244
0.25
0.243
0.249
0.251
0.249
0.243
0.242
0.242
0.242
0.242
0.244
0.242
0.243
0.247
0.244
0.239
0.252
0.25
0.255
0.267
0.266
2.695
2.696
2.697
2.721
2.687
2.681
2.706
2.697
2.679
2.694
2.687
2.669
2.679
2.693
2.704
2.7
2.696
2.685
2.675
2.679
2.677
2.703
2.709
2.692
2.685
2.701
2.678
2.692
2.692
2.703
2.693
2.702
2.687
2.695
2.7
2.689
2.686
2.713
2.674
2.689
2.686
2.69
2.687
2.681
2.694
2.679
2.697
2.7
2.706
2.695
2.686
2.688
2.69
2.701
2.694
2.69
2.691
2.712
2.683
2.696
2.695
2.692
2.684
2.687
0.231
0.253
0.249
0.259
0.259
0.261
0.257
0.263
0.264
0.26
0.257
0.266
0.255
0.262
0.263
0.262
0.257
0.259
0.257
0.257
0.261
0.259
0.257
0.263
0.26
0.258
0.268
0.271
0.268
2.697
2.681
2.691
2.695
2.681
2.681
2.7
2.676
2.699
2.691
2.715
2.697
2.685
2.668
2.681
2.683
2.669
2.701
2.697
2.687
2.709
2.687
2.697
2.69
2.697
2.688
2.694
2.685
2.687
2.7
2.684
2.696
2.687
2.681
2.704
2.705
2.685
2.686
2.698
2.702
2.695
0.242
0.237
0.238
0.242
0.251
0.25
0.243
0.238
0.243
0.244
0.252
0.244
0.24
0.243
0.236
0.247
0.247
0.24
0.246
0.242
0.244
0.242
0.243
0.243
0.246
0.242
0.245
0.257
0.252
0.252
0.254
0.254
0.255
0.277
0.275
0.263
2.695
2.684
2.682
2.676
2.691
2.684
2.682
2.684
2.695
2.698
2.69
2.698
2.683
2.68
2.698
2.682
2.694
2.692
2.689
2.69
2.684
2.678
2.675
2.694
2.681
2.694
2.679
2.68
2.682
2.697
2.692
2.696
2.693
2.691
2.695
2.709
2.708
2.705
2.686
2.676
2.678
2.69
2.67
2.694
2.675
2.685
2.698
2.681
2.686
2.687
2.695
2.68
2.699
2.694
2.685
2.693
2.685
2.687
2.684
2.695
2.692
2.698
2.673
2.706
0.27
0.273
0.274
0.271
0.276
0.274
0.275
0.265
0.27
0.273
0.271
0.273
0.269
0.26
0.272
0.274
0.27
0.267
0.265
0.263
0.263
0.262
0.256
0.267
0.261
0.263
0.26
0.265
0.26
0.265
0.266
0.276
0.287
2.698
2.703
2.703
2.701
2.684
2.694
2.69
2.698
2.695
2.688
2.689
2.697
2.704
2.677
2.697
2.69
2.681
2.694
2.669
2.685
2.689
2.69
2.687
2.682
2.685
2.682
2.682
2.718
2.691
2.695
2.673
2.698
2.726
2.697
2.693
2.688
2.673
0.237
0.251
0.234
0.245
0.235
0.249
0.249
0.259
0.261
0.252
0.25
0.254
0.259
0.254
0.256
0.255
0.258
0.255
0.259
0.256
0.256
0.259
0.25
0.268
0.271
0.267
0.247
2.676
2.704
2.679
2.687
2.676
2.691
2.688
2.71
2.695
2.703
2.701
2.696
2.691
2.669
2.689
2.673
2.683
2.692
2.679
2.693
2.686
2.689
2.684
2.698
2.674
2.697
2.688
2.692
2.685
2.685
2.691
2.684
2.69
2.676
2.684
2.683
2.693
2.681
2.688
2.68
2.687
2.681
2.696
2.689
2.685
2.708
2.687
2.688
2.681
2.678
2.686
2.702
2.685
2.691
2.697
2.691
2.685
2.678
2.693
2.696
2.681
2.68
2.692
2.701
2.697
2.692
2.708
2.684
2.677
2.693
0.244
0.23
0.231
0.233
0.227
0.227
0.225
0.234
0.229
0.224
0.225
0.226
0.228
0.218
0.217
0.229
0.227
0.224
0.22
0.222
0.225
0.207
2.686
2.676
2.691
2.686
2.688
2.678
2.672
2.682
2.693
2.698
2.697
2.692
2.704
2.691
2.681
2.692
2.682
2.696
2.683
2.691
2.684
2.681
2.684
2.679
2.693
2.691
2.688
2.7
2.699
2.692
2.687
2.705
2.673
2.69
2.693
2.696
2.7
2.695
2.702
2.688
2.688
0.222
0.224
0.22
0.213
0.227
0.216
0.217
0.22
0.224
0.223
0.222
0.232
0.234
0.233
0.233
0.232
0.232
0.239
0.228
0.24
0.242
0.239
0.242
0.236
0.236
0.226
0.228
2.68
0.747
0.743
0.736
0.744
0.748
0.747
0.744
0.746
0.745
0.74
0.745
0.74
0.744
0.747
0.743
0.742
0.739
0.742
0.748
0.744
0.742
0.739
0.74
0.744
0.743
0.738
0.744
0.745
0.745
0.74
0.74
0.745
0.745
0.741
0.744
0.748
0.742
0.742
0.738
0.738
0.739
0.745
0.745
0.742
0.748
0.739
0.74
0.743
0.741
0.741
0.747
0.744
0.738
0.74
0.74
0.737
0.739
0.741
0.742
0.745
0.747
0.74
0.745
0.741
0.748
0.739
0.745
0.727
0.736
0.734
0.731
0.732
0.73
0.732
0.731
0.729
0.697
0.684
0.68
0.675
0.682
0.68
0.682
0.679
0.677
0.678
0.679
0.68
0.681
0.676
0.681
0.669
0.674
0.672
0.675
0.678
0.67
0.678
0.673
0.67
0.679
0.67
0.669
0.672
0.666
0.673
0.672
0.667
0.673
0.667
0.648
0.382
0.355
0.353
0.35
0.353
0.354
0.35
0.351
0.347
0.349
0.347
0.35
0.351
0.35
0.357
0.349
0.344
0.347
0.344
0.344
0.349
0.345
0.342
0.348
0.511
0.656
0.66
0.656
0.659
0.659
0.653
0.65
0.659
0.649
0.666
0.653
0.657
0.651
0.658
0.65
0.647
0.644
0.647
0.646
0.64
0.646
0.647
0.645
0.647
0.644
0.647
0.645
0.644
0.637
0.641
0.644
0.637
0.645
0.641
0.639
0.637
0.637
0.628
0.637
0.634
0.632
0.63
0.636
0.628
0.628
0.625
0.628
0.631
0.626
0.628
0.622
0.619
0.616
0.621
0.614
0.616
0.617
0.615
0.619
0.622
0.615
0.613
0.613
0.611
0.613
0.606
0.601
0.603
0.609
0.603
0.601
0.603
0.597
0.596
0.589
0.595
0.602
0.591
0.591
0.587
0.59
0.584
0.583
0.582
0.388
0.271
0.282
0.277
0.275
0.272
0.267
0.268
0.267
0.26
0.26
0.261
0.264
0.259
0.256
0.259
0.255
0.256
0.257
0.324
0.468
0.553
0.751
0.744
0.747
0.75
0.747
0.751
0.743
0.75
0.744
0.747
0.751
0.741
0.743
0.752
0.748
0.742
0.743
0.745
0.75
0.751
0.751
0.753
0.747
0.75
0.748
0.746
0.748
0.744
0.753
0.755
0.752
0.746
0.744
0.745
0.746
0.743
0.751
0.749
0.744
0.741
0.75
0.747
0.746
0.747
0.746
0.751
0.748
0.75
0.754
0.751
0.745
0.752
0.747
0.748
0.746
0.75
0.75
0.737
0.751
0.749
0.749
0.748
0.749
0.749
0.746
0.747
0.744
0.751
0.746
0.746
0.746
0.749
0.745
0.745
0.75
0.752
0.747
0.748
0.743
0.752
0.75
0.741
0.751
0.755
0.743
0.748
0.749
0.746
0.753
0.746
0.747
0.749
0.749
0.75
0.745
0.745
0.746
0.746
0.745
0.744
0.758
0.747
0.75
0.746
0.75
0.747
0.751
0.75
0.752
0.755
0.75
0.727
0.7
0.697
0.699
0.697
0.695
0.704
0.702
0.705
0.704
0.707
0.698
0.7
0.705
0.704
0.705
0.707
0.702
0.71
0.709
0.708
0.71
0.713
0.708
0.706
0.712
0.704
0.708
0.702
0.716
0.709
0.714
0.71
0.707
0.722
0.711
0.717
0.715
0.713
0.71
0.633
0.557
0.467
0.41
0.412
0.408
0.407
0.407
0.407
0.409
0.407
0.413
0.407
0.408
0.413
0.418
0.416
0.413
0.412
0.412
0.416
0.412
0.411
0.414
0.415
0.418
0.416
0.442
0.73
0.738
0.743
0.741
0.726
0.74
0.739
0.737
0.736
0.744
0.748
0.742
0.751
0.74
0.739
0.748
0.738
0.737
0.742
0.748
0.749
0.747
0.75
0.746
0.747
0.753
0.749
0.751
0.752
0.749
0.751
0.753
0.751
0.751
0.756
0.752
0.75
0.753
0.753
0.756
0.754
0.759
0.753
0.756
0.76
0.76
0.75
0.756
0.76
0.757
0.758
0.754
0.761
0.769
0.757
0.761
0.767
0.755
0.758
0.756
0.77
0.763
0.766
0.768
0.764
0.773
0.763
0.766
0.771
0.757
0.768
0.765
0.768
0.763
0.77
0.77
0.769
0.765
0.771
0.768
0.77
0.762
0.759
0.767
0.774
0.772
0.766
0.76
0.773
0.749
0.573
0.461
0.461
0.459
0.457
0.466
0.46
0.463
0.457
0.458
0.459
0.455
0.458
0.456
0.456
0.456
0.463
0.462
0.463
0.456
0.464
0.759
0.772
0.769
0.776
0.775
0.773
0.773
0.774
0.766
0.766
0.77
0.769
0.768
0.779
0.767
0.773
0.772
0.776
0.773
0.769
0.775
0.772
0.774
0.774
0.77
0.771
0.771
0.769
0.779
0.773
0.777
0.77
0.772
0.769
0.769
0.772
0.77
0.773
0.777
0.77
0.771
0.776
0.763
0.775
0.775
0.772
0.771
0.766
0.77
0.77
0.77
0.775
0.772
0.774
0.771
0.77
0.769
0.772
0.772
0.766
0.768
0.776
0.771
0.77
0.771
0.769
0.764
0.769
0.77
0.766
0.764
0.769
0.771
0.762
0.763
0.774
0.76
0.772
0.77
0.769
0.765
0.766
0.765
0.766
0.76
0.76
0.764
0.763
0.761
0.766
0.765
0.766
0.773
0.762
0.759
0.758
0.761
0.76
0.768
0.765
0.768
0.769
0.768
0.765
0.766
0.765
0.766
0.767
0.77
0.773
0.77
0.768
0.765
0.762
0.771
0.761
0.771
0.763
0.759
0.77
0.764
0.763
0.765
0.77
0.764
0.766
0.767
0.767
0.768
0.768
0.764
0.756
0.763
0.766
0.766
0.772
0.767
0.764
0.766
0.766
0.762
0.763
0.765
0.765
0.763
0.768
0.764
0.761
0.769
0.759
0.77
0.767
0.77
0.768
0.766
0.769
0.772
0.758
0.767
0.759
0.767
0.763
0.767
0.765
0.756
0.769
0.77
0.771
0.761
0.769
0.763
0.768
0.773
0.772
0.763
0.769
0.77
0.766
0.765
0.768
0.77
0.763
0.765
0.766
0.77
0.767
0.768
0.769
0.768
0.766
0.771
0.765
0.768
0.763
0.765
0.765
0.765
0.767
0.773
0.771
0.764
0.766
0.764
0.762
0.769
0.765
0.765
0.774
0.766
0.77
0.771
0.767
0.768
0.772
0.766
0.768
0.766
0.767
0.766
0.764
0.766
0.772
0.773
0.763
0.768
0.764
0.772
0.768
0.763
0.765
0.772
0.765
0.764
0.764
0.765
0.759
0.763
0.765
0.77
0.766
0.767
0.766
0.765
0.767
0.767
0.772
0.769
0.768
0.767
0.763
0.763
0.771
0.762
0.764
0.765
0.773
0.767
0.764
0.768
0.766
0.763
0.758
0.767
0.766
0.768
0.769
0.767
0.764
0.77
0.766
0.768
0.771
0.764
0.765
0.768
0.768
0.766
0.764
0.764
0.769
0.761
0.767
0.765
0.768
0.765
0.767
0.768
0.767
0.76
0.764
0.768
0.759
0.767
0.774
0.765
0.771
0.766
0.763
0.766
0.766
0.765
0.762
0.764
0.769
0.766
0.768
0.768
0.762
0.766
0.771
0.761
0.765
0.766
0.771
0.766
0.765
0.763
0.764
0.77
0.759
0.766
0.761
0.771
0.769
0.763
0.766
0.768
0.766
0.77
0.766
0.772
0.77
0.771
0.768
0.765
0.761
0.77
0.768
0.768
0.769
0.77
0.772
0.77
0.765
0.762
0.765
0.763
0.772
0.767
0.763
0.762
0.76
0.774
0.76
0.767
0.772
0.77
0.766
0.768
0.767
0.767
0.766
0.768
0.766
0.762
0.767
0.769
0.761
0.77
0.768
0.773
0.768
0.767
0.759
0.76
0.766
0.765
0.765
0.764
0.768
0.764
0.77
0.763
0.769
0.762
0.764
0.77
0.762
0.762
0.769
0.772
0.759
0.764
0.765
0.768
0.768
0.767
0.767
0.763
0.767
0.765
0.77
0.759
0.768
0.765
0.763
0.768
0.763
0.763
0.764
0.765
0.755
0.758
0.764
0.763
0.761
0.766
0.762
0.765
0.764
0.763
0.769
0.772
0.767
0.774
0.776
0.789
0.778
0.785
0.785
0.79
0.803
0.796
0.799
0.8
0.807
0.806
0.809
0.807
0.814
0.814
0.822
0.82
0.82
0.823
0.836
0.832
0.827
0.832
0.833
0.835
0.839
0.822
0.825
0.837
0.836
0.851
0.851
0.854
0.86
0.856
0.87
0.869
0.873
0.874
0.873
0.881
0.879
0.884
0.875
0.877
0.878
0.881
0.884
0.878
0.876
0.886
0.883
0.877
0.892
0.9
0.895
0.888
0.896
0.892
0.886
0.885
0.884
0.886
0.891
0.886
0.857
0.866
0.858
0.859
0.851
0.845
0.838
0.846
0.834
0.832
0.836
0.838
0.831
0.822
0.824
0.818
0.82
0.815
0.82
0.824
0.82
0.818
0.812
0.808
0.797
0.798
0.795
0.792
0.785
0.773
0.772
0.767
0.758
0.757
0.749
0.748
0.73
0.72
0.729
0.717
0.713
0.699
0.696
0.683
0.673
0.668
0.712
0.713
0.706
0.704
0.695
0.694
0.697
0.699
0.685
0.691
0.688
0.691
0.681
0.691
0.678
0.684
0.688
0.683
0.689
0.698
0.693
0.693
0.698
0.696
0.699
0.708
0.707
0.718
0.718
0.717
0.717
0.718
0.728
0.718
0.72
0.727
0.724
0.721
0.727
0.722
0.718
0.718
0.719
0.71
0.716
0.708
0.713
0.709
0.715
0.712
0.713
0.712
0.707
0.706
0.708
0.711
0.711
0.717
0.714
0.713
0.711
0.71
0.714
0.711
0.712
0.716
0.709
0.711
0.715
0.715
0.712
0.717
0.713
0.716
0.711
0.713
0.712
0.709
0.717
0.715
0.712
0.717
0.71
0.709
0.716
0.716
0.714
0.716
0.719
0.715
0.713
0.708
0.714
0.707
0.706
0.703
0.71
0.712
0.712
0.713
0.713
0.71
0.711
0.718
0.706
0.712
0.712
0.712
0.712
0.713
0.716
0.713
0.705
0.715
0.712
0.71
0.715
0.71
0.716
0.713
0.716
0.71
0.711
0.716
0.714
0.716
0.713
0.715
0.708
0.707
0.708
0.716
0.718
0.711
0.717
0.72
0.708
0.708
0.717
0.718
0.705
0.711
0.717
0.712
0.713
0.709
0.71
0.716
0.718
0.71
0.716
0.722
0.715
0.716
0.714
0.714
0.712
0.71
0.715
0.71
0.719
0.716
0.715
0.717
0.71
0.715
0.715
0.712
0.709
0.714
0.713
0.713
0.72
0.717
0.71
0.713
0.713
0.72
0.717
0.71
0.718
0.714
0.715
0.712
0.709
0.711
0.715
0.716
0.719
0.718
0.712
0.716
0.714
0.723
0.716
0.726
0.728
0.736
0.732
0.733
0.735
0.736
0.734
0.735
0.733
0.728
0.733
0.73
0.728
0.726
0.724
0.731
0.728
0.728
0.725
0.725
0.715
0.721
0.713
0.717
0.713
0.71
0.711
0.712
0.718
0.715
0.719
0.71
0.714
0.717
0.715
0.711
0.716
0.711
0.714
0.714
0.717
0.708
0.717
0.722
0.72
0.718
0.71
0.713
0.72
0.721
0.714
0.714
0.719
0.713
0.715
0.725
0.712
0.715
0.717
0.718
0.715
0.713
0.713
0.713
0.714
0.703
0.714
0.717
0.716
0.71
0.72
0.708
0.715
0.711
0.717
0.718
0.712
0.714
0.712
0.714
0.712
0.716
0.719
0.718
0.709
0.713
0.718
0.715
0.715
0.711
0.716
0.714
0.709
0.715
0.714
0.714
0.711
0.714
0.713
0.718
0.714
0.714
0.717
0.716
0.715
0.714
0.71
0.725
0.716
0.714
0.711
0.717
0.715
0.709
0.716
0.716
0.713
0.716
0.719
0.715
0.718
0.716
0.716
0.715
0.722
0.717
0.713
0.709
0.716
0.717
0.719
0.715
0.718
0.714
0.719
0.714
0.718
0.72
0.712
0.72
0.718
0.72
0.725
0.718
0.72
0.718
0.72
0.71
0.718
0.715
0.716
0.719
0.714
0.714
0.715
0.715
0.712
0.718
0.71
0.714
0.715
0.713
0.715
0.727
0.713
0.715
0.718
0.722
0.711
0.721
0.713
0.715
0.716
0.713
0.718
0.713
0.719
0.719
0.712
0.714
0.722
0.712
0.711
0.716
0.718
0.707
0.71
0.721
0.712
0.719
0.714
0.715
0.713
0.717
0.714
0.716
0.721
0.716
0.718
0.714
0.713
0.714
0.712
0.706
0.717
0.71
0.709
0.707
0.711
0.706
0.704
0.665
0.66
0.657
0.659
0.663
0.658
0.663
0.658
0.663
0.662
0.66
0.661
0.66
0.666
0.663
0.664
0.663
0.663
0.66
0.652
0.661
0.661
0.655
0.663
0.659
0.662
0.661
0.665
0.661
0.662
0.661
0.66
0.653
0.662
0.663
0.663
0.661
0.666
0.664
0.665
0.603
0.445
0.344
0.354
0.353
0.345
0.351
0.342
0.352
0.343
0.343
0.352
0.349
0.347
0.348
0.351
0.347
0.345
0.346
0.348
0.346
0.349
0.347
0.349
0.348
0.347
0.43
0.657
0.658
0.661
0.665
0.664
0.662
0.658
0.663
0.666
0.663
0.664
0.66
0.663
0.664
0.666
0.661
0.662
0.66
0.666
0.662
0.665
0.659
0.66
0.658
0.66
0.663
0.66
0.664
0.656
0.662
0.662
0.663
0.658
0.66
0.659
0.662
0.657
0.663
0.659
0.662
0.657
0.659
0.665
0.656
0.658
0.652
0.657
0.659
0.655
0.656
0.658
0.656
0.651
0.658
0.652
0.651
0.655
0.648
0.648
0.656
0.651
0.647
0.646
0.65
0.643
0.645
0.647
0.652
0.644
0.644
0.646
0.645
0.633
0.641
0.643
0.637
0.641
0.64
0.641
0.639
0.634
0.632
0.635
0.635
0.634
0.634
0.617
0.326
0.324
0.32
0.313
0.317
0.319
0.315
0.315
0.312
0.319
0.31
0.313
0.319
0.316
0.315
0.314
0.311
0.313
0.319
0.571
0.743
0.736
0.74
0.74
0.739
0.733
0.734
0.739
0.742
0.737
0.74
0.731
0.743
0.738
0.737
0.734
0.743
0.741
0.738
0.738
0.737
0.738
0.734
0.735
0.735
0.734
0.736
0.732
0.741
0.736
0.736
0.74
0.741
0.741
0.737
0.737
0.731
0.735
0.739
0.736
0.734
0.738
0.733
0.736
0.735
0.742
0.733
0.738
0.733
0.736
0.742
0.734
0.737
0.736
0.735
0.738
0.738
0.736
0.742
0.736
0.741
0.736
0.741
0.738
0.734
0.738
0.738
0.737
0.73
0.729
0.735
0.737
0.735
0.727
0.708
0.683
0.686
0.681
0.689
0.692
0.686
0.684
0.691
0.698
0.689
0.692
0.685
0.696
0.692
0.69
0.696
0.693
0.691
0.693
0.691
0.689
0.692
0.69
0.69
0.691
0.69
0.687
0.692
0.692
0.691
0.698
0.692
0.69
0.697
0.69
0.695
0.698
0.687
0.566
0.476
0.381
0.384
0.386
0.386
0.38
0.39
0.381
0.387
0.385
0.387
0.386
0.388
0.387
0.39
0.386
0.387
0.389
0.387
0.388
0.386
0.386
0.388
0.389
0.391
0.465
0.713
0.713
0.713
0.713
0.713
0.709
0.713
0.714
0.716
0.722
0.717
0.717
0.718
0.711
0.714
0.716
0.713
0.72
0.714
0.723
0.721
0.724
0.724
0.716
0.715
0.721
0.72
0.713
0.725
0.721
0.728
0.726
0.722
0.726
0.723
0.726
0.721
0.722
0.73
0.732
0.719
0.727
0.729
0.728
0.721
0.719
0.724
0.724
0.727
0.724
0.723
0.725
0.727
0.724
0.723
0.726
0.727
0.73
0.73
0.73
0.737
0.732
0.731
0.734
0.737
0.73
0.726
0.736
0.726
0.732
0.732
0.728
0.73
0.729
0.729
0.727
0.728
0.724
0.734
0.736
0.729
0.733
0.732
0.683
0.422
0.42
0.424
0.421
0.418
0.418
0.419
0.421
0.419
0.415
0.421
0.422
0.417
0.416
0.419
0.416
0.421
0.417
0.452
0.735
0.73
0.737
0.731
0.729
0.73
0.737
0.732
0.733
0.73
0.729
0.734
0.734
0.735
0.732
0.736
0.736
0.738
0.724
0.736
0.736
0.736
0.731
0.733
0.734
0.736
0.735
0.733
0.727
0.739
0.733
0.736
0.731
0.729
0.729
0.731
0.733
0.726
0.734
0.727
0.732
0.728
0.734
0.733
0.732
0.727
0.726
0.726
0.732
0.728
0.724
0.73
0.73
0.727
0.731
0.722
0.727
0.728
0.728
0.724
0.728
0.724
0.723
0.733
0.724
0.726
0.726
0.724
0.724
0.725
0.726
0.727
0.72
0.725
0.722
0.723
0.72
0.719
0.719
0.72
0.725
0.725
0.722
0.725
0.723
0.726
0.73
0.725
0.719
0.722
0.726
0.718
0.729
0.724
0.726
0.729
0.728
0.722
0.725
0.725
0.728
0.723
0.726
0.72
0.726
0.727
0.728
0.723
0.728
0.729
0.728
0.726
0.728
0.725
0.724
0.725
0.727
0.73
0.723
0.725
0.72
0.728
0.723
0.72
0.724
0.73
0.732
0.725
0.728
0.727
0.722
0.72
0.721
0.724
0.726
0.729
0.727
0.724
0.72
0.724
0.724
0.722
0.726
0.726
0.726
0.722
0.721
0.725
0.727
0.726
0.721
0.724
0.723
0.724
0.723
0.724
0.725
0.717
0.727
0.726
0.728
0.72
0.725
0.726
0.726
0.727
0.729
0.724
0.721
0.72
0.723
0.722
0.722
0.726
0.728
0.723
0.728
0.723
0.719
0.732
0.726
0.728
0.722
0.723
0.724
0.726
0.727
0.72
0.721
0.726
0.717
0.721
0.724
0.726
0.722
0.719
0.729
0.724
0.72
0.727
0.726
0.718
0.717
0.723
0.724
0.724
0.724
0.725
0.722
0.721
0.726
0.724
0.725
0.717
0.73
0.72
0.722
0.722
0.724
0.727
0.724
0.714
0.722
0.727
0.727
0.719
0.72
0.72
0.721
0.718
0.723
0.724
0.727
0.722
0.726
0.731
0.723
0.731
0.721
0.723
0.723
0.724
0.727
0.722
0.727
0.718
0.721
0.728
0.717
0.73
0.728
0.722
0.72
0.72
0.721
0.726
0.719
0.724
0.723
0.725
0.723
0.721
0.726
0.728
0.736
0.738
0.743
0.747
0.749
0.753
0.76
0.76
0.764
0.772
0.771
0.777
0.779
0.789
0.785
0.792
0.8
0.811
0.809
0.816
0.823
0.826
0.838
0.837
0.845
0.841
0.847
0.846
0.846
0.853
0.864
0.863
0.86
0.867
0.864
0.852
0.833
0.838
0.832
0.848
0.849
0.852
0.849
0.843
0.845
0.846
0.841
0.83
0.828
0.813
0.809
0.811
0.79
0.791
0.778
0.771
0.762
0.755
0.745
0.742
0.729
0.738
0.735
0.729
0.725
0.723
0.718
0.724
0.719
0.714
0.687
0.685
0.698
0.698
0.695
0.684
0.69
0.692
0.711
0.709
0.712
0.711
0.711
0.709
0.707
0.708
0.703
0.707
0.711
0.707
0.709
0.709
0.704
0.713
0.715
0.715
0.723
0.722
0.722
0.72
0.721
0.726
0.727
0.724
0.73
0.736
0.728
0.729
0.726
0.725
0.724
0.724
0.72
0.716
0.717
0.716
0.713
0.757
0.763
0.761
0.769
0.763
0.765
0.772
0.767
0.772
0.77
0.776
0.765
0.763
0.765
0.767
0.764
0.762
0.753
0.76
0.756
0.754
0.756
0.747
0.756
0.752
0.745
0.74
0.737
0.728
0.736
0.726
0.732
0.734
0.726
0.735
0.732
0.73
0.736
0.737
0.728
0.73
0.722
0.728
0.732
0.73
0.728
0.725
0.731
0.72
0.718
0.717
0.724
0.715
0.717
0.724
0.717
0.723
0.721
0.726
0.722
0.72
0.724
0.72
0.724
0.72
0.72
0.726
0.719
0.72
0.723
0.719
0.723
0.717
0.718
0.719
0.722
0.721
0.72
0.725
0.714
0.719
0.728
0.723
0.724
0.717
0.72
0.717
0.713
0.721
0.722
0.724
0.718
0.72
0.72
0.72
0.72
0.712
0.721
0.715
0.721
0.722
0.721
0.718
0.713
0.721
0.717
0.715
0.718
0.721
0.719
0.716
0.715
0.721
0.72
0.72
0.718
0.713
0.718
0.718
0.714
0.716
0.72
0.72
0.72
0.72
0.72
0.724
0.718
0.717
0.718
0.718
0.715
0.716
0.715
0.722
0.724
0.726
0.719
0.717
0.717
0.725
0.721
0.719
0.717
0.714
0.713
0.714
0.724
0.713
0.72
0.721
0.72
0.723
0.719
0.721
0.716
0.721
0.719
0.718
0.722
0.724
0.722
0.715
0.715
0.719
0.713
0.71
0.721
0.712
0.721
0.714
0.718
0.719
0.728
0.721
0.718
0.718
0.72
0.718
0.716
0.719
0.72
0.708
0.72
0.721
0.718
0.719
0.723
0.723
0.716
0.72
0.719
0.723
0.719
0.719
0.719
0.714
0.715
0.719
0.718
0.721
0.723
0.719
0.72
0.718
0.719
0.718
0.72
0.716
0.719
0.716
0.716
0.715
0.721
0.723
0.721
0.724
0.716
0.719
0.721
0.716
0.716
0.716
0.72
0.717
0.719
0.719
0.72
0.72
0.719
0.725
0.717
0.716
0.722
0.719
0.718
0.723
0.717
0.716
0.719
0.716
0.729
0.724
0.718
0.723
0.722
0.725
0.722
0.713
0.719
0.719
0.722
0.722
0.717
0.716
0.713
0.717
0.723
0.718
0.718
0.721
0.719
0.716
0.719
0.723
0.721
0.721
0.721
0.723
0.725
0.719
0.718
0.718
0.72
0.722
0.719
0.717
0.723
0.724
0.716
0.717
0.722
0.719
0.723
0.72
0.715
0.723
0.722
0.718
0.713
0.719
0.717
0.723
0.721
0.719
0.719
0.716
0.723
0.719
0.728
0.723
0.722
0.718
0.724
0.724
0.718
0.723
0.723
0.72
0.721
0.721
0.718
0.715
0.718
0.724
0.721
0.718
0.719
0.724
0.724
0.72
0.717
0.71
0.715
0.721
0.717
0.707
0.711
0.689
0.66
0.664
0.661
0.653
0.659
0.658
0.658
0.661
0.66
0.661
0.654
0.661
0.657
0.659
0.658
0.66
0.655
0.654
0.657
0.652
0.654
0.663
0.652
0.652
0.655
0.654
0.656
0.654
0.65
0.647
0.658
0.651
0.655
0.656
0.6
0.347
0.34
0.339
0.343
0.341
0.336
0.338
0.338
0.342
0.334
0.339
0.332
0.337
0.332
0.339
0.331
0.337
0.336
0.338
0.334
0.332
0.338
0.34
0.568
0.641
0.649
0.647
0.645
0.641
0.644
0.644
0.645
0.647
0.648
0.646
0.646
0.647
0.635
0.639
0.645
0.649
0.641
0.642
0.644
0.64
0.64
0.639
0.642
0.639
0.63
0.639
0.64
0.631
0.64
0.632
0.634
0.633
0.633
0.63
0.64
0.635
0.63
0.631
0.636
0.628
0.624
0.629
0.628
0.625
0.624
0.624
0.626
0.621
0.619
0.622
0.622
0.617
0.621
0.621
0.619
0.622
0.617
0.612
0.619
0.618
0.612
0.614
0.614
0.615
0.61
0.612
0.607
0.607
0.608
0.606
0.604
0.607
0.601
0.598
0.598
0.594
0.594
0.594
0.594
0.379
0.289
0.284
0.286
0.287
0.283
0.277
0.287
0.28
0.278
0.274
0.273
0.272
0.273
0.269
0.269
0.274
0.276
0.364
0.555
0.717
0.728
0.725
0.719
0.72
0.72
0.719
0.721
0.725
0.72
0.721
0.722
0.723
0.721
0.719
0.715
0.721
0.716
0.715
0.719
0.722
0.717
0.721
0.719
0.72
0.729
0.719
0.724
0.713
0.728
0.713
0.718
0.725
0.72
0.72
0.722
0.722
0.723
0.722
0.719
0.724
0.72
0.716
0.718
0.72
0.72
0.718
0.717
0.72
0.713
0.721
0.719
0.72
0.716
0.717
0.721
0.72
0.718
0.721
0.719
0.713
0.716
0.717
0.719
0.726
0.723
0.726
0.726
0.724
0.724
0.721
0.714
0.709
0.716
0.722
0.717
0.718
0.726
0.717
0.714
0.697
0.667
0.658
0.664
0.663
0.663
0.659
0.665
0.661
0.664
0.668
0.659
0.665
0.664
0.659
0.666
0.662
0.668
0.666
0.669
0.662
0.66
0.665
0.665
0.668
0.661
0.67
0.668
0.662
0.668
0.669
0.667
0.661
0.669
0.659
0.662
0.657
0.546
0.358
0.354
0.347
0.352
0.36
0.346
0.357
0.348
0.35
0.348
0.35
0.35
0.35
0.35
0.35
0.354
0.354
0.354
0.352
0.349
0.346
0.352
0.354
0.417
0.667
0.665
0.676
0.665
0.668
0.674
0.664
0.668
0.669
0.667
0.667
0.668
0.663
0.662
0.671
0.667
0.673
0.677
0.673
0.666
0.666
0.659
0.672
0.663
0.665
0.663
0.668
0.669
0.67
0.666
0.666
0.662
0.668
0.663
0.662
0.667
0.665
0.659
0.664
0.668
0.663
0.663
0.66
0.667
0.664
0.66
0.66
0.667
0.661
0.658
0.653
0.654
0.659
0.653
0.659
0.664
0.655
0.657
0.655
0.66
0.657
0.663
0.659
0.657
0.656
0.66
0.659
0.657
0.651
0.661
0.654
0.657
0.648
0.653
0.651
0.652
0.644
0.654
0.655
0.642
0.643
0.458
0.335
0.335
0.331
0.332
0.339
0.332
0.33
0.334
0.328
0.325
0.333
0.322
0.327
0.326
0.329
0.326
0.33
0.402
0.638
0.736
0.74
0.745
0.739
0.742
0.733
0.736
0.732
0.736
0.738
0.741
0.738
0.736
0.737
0.737
0.739
0.734
0.738
0.737
0.741
0.744
0.737
0.742
0.736
0.739
0.733
0.739
0.733
0.733
0.735
0.74
0.735
0.737
0.732
0.739
0.737
0.737
0.738
0.738
0.739
0.74
0.742
0.741
0.74
0.74
0.747
0.741
0.734
0.739
0.731
0.738
0.734
0.739
0.735
0.737
0.739
0.734
0.713
0.691
0.684
0.687
0.685
0.685
0.689
0.688
0.687
0.687
0.684
0.691
0.691
0.692
0.693
0.692
0.691
0.69
0.69
0.689
0.687
0.693
0.694
0.692
0.691
0.696
0.693
0.693
0.697
0.7
0.697
0.694
0.694
0.695
0.695
0.695
0.693
0.696
0.695
0.576
0.449
0.386
0.384
0.38
0.383
0.391
0.38
0.384
0.388
0.384
0.386
0.377
0.39
0.39
0.388
0.384
0.387
0.397
0.384
0.394
0.386
0.394
0.385
0.393
0.39
0.7
0.712
0.702
0.71
0.716
0.714
0.714
0.704
0.715
0.715
0.713
0.715
0.715
0.721
0.712
0.712
0.711
0.713
0.715
0.717
0.718
0.715
0.709
0.72
0.718
0.717
0.716
0.716
0.719
0.721
0.721
0.718
0.713
0.72
0.716
0.724
0.721
0.712
0.717
0.717
0.724
0.712
0.719
0.718
0.722
0.718
0.719
0.721
0.723
0.717
0.717
0.722
0.726
0.717
0.723
0.727
0.726
0.723
0.723
0.72
0.72
0.719
0.722
0.72
0.724
0.715
0.723
0.721
0.723
0.72
0.721
0.73
0.719
0.723
0.722
0.723
0.725
0.719
0.724
0.726
0.719
0.717
0.695
0.42
0.412
0.408
0.41
0.409
0.417
0.408
0.404
0.412
0.41
0.41
0.41
0.408
0.406
0.41
0.41
0.408
0.408
0.457
0.723
0.722
0.715
0.717
0.72
0.722
0.719
0.712
0.716
0.718
0.723
0.716
0.717
0.72
0.719
0.721
0.717
0.715
0.715
0.716
0.717
0.72
0.717
0.722
0.718
0.716
0.719
0.713
0.718
0.715
0.712
0.715
0.711
0.709
0.715
0.711
0.715
0.713
0.71
0.719
0.713
0.716
0.709
0.712
0.715
0.717
0.712
0.706
0.714
0.714
0.709
0.709
0.71
0.709
0.713
0.713
0.713
0.714
0.709
0.704
0.71
0.71
0.703
0.71
0.712
0.704
0.711
0.707
0.706
0.708
0.71
0.705
0.708
0.707
0.711
0.709
0.708
0.717
0.705
0.702
0.715
0.706
0.708
0.706
0.713
0.71
0.708
0.716
0.703
0.706
0.709
0.711
0.708
0.708
0.712
0.71
0.699
0.709
0.701
0.709
0.714
0.708
0.708
0.712
0.712
0.705
0.704
0.708
0.71
0.71
0.71
0.711
0.706
0.709
0.7
0.711
0.706
0.714
0.717
0.708
0.706
0.711
0.702
0.71
0.704
0.711
0.711
0.703
0.709
0.705
0.705
0.707
0.708
0.706
0.709
0.709
0.711
0.707
0.708
0.712
0.711
0.709
0.702
0.715
0.708
0.714
0.71
0.709
0.705
0.702
0.708
0.709
0.706
0.707
0.705
0.709
0.707
0.706
0.706
0.701
0.707
0.698
0.705
0.71
0.706
0.706
0.707
0.707
0.708
0.7
0.699
0.699
0.704
0.707
0.71
0.71
0.712
0.712
0.71
0.717
0.714
0.712
0.707
0.706
0.705
0.706
0.712
0.714
0.716
0.712
0.609
0.4
0.402
0.402
0.403
0.408
0.4
0.4
0.405
0.403
0.409
0.406
0.406
0.438
0.715
0.722
0.728
0.735
0.744
0.738
0.738
0.737
0.735
0.737
0.731
0.741
0.743
0.741
0.742
0.741
0.746
0.74
0.741
0.75
0.744
0.746
0.75
0.751
0.748
0.753
0.751
0.761
0.758
0.763
0.761
0.764
0.761
0.77
0.764
0.77
0.765
0.771
0.767
0.774
0.779
0.775
0.779
0.78
0.786
0.788
0.783
0.781
0.788
0.762
0.529
0.48
0.482
0.478
0.475
0.487
0.487
0.491
0.488
0.497
0.492
0.499
0.497
0.502
0.544
0.813
0.814
0.812
0.815
0.82
0.826
0.819
0.822
0.817
0.824
0.823
0.827
0.819
0.828
0.833
0.833
0.828
0.827
0.832
0.832
0.83
0.834
0.831
0.838
0.868
0.889
0.879
0.891
0.887
0.891
0.885
0.892
0.884
0.893
0.893
0.894
0.897
0.901
0.903
0.9
0.902
0.899
0.893
0.902
0.902
0.906
0.9
0.899
0.897
0.896
0.9
0.898
0.898
0.901
0.9
0.896
0.903
0.899
0.903
0.896
0.897
0.902
0.898
0.901
0.9
0.898
0.902
0.906
0.9
0.901
0.903
0.902
0.899
0.89
0.902
0.906
0.901
0.896
0.897
0.906
0.9
0.906
0.9
0.902
0.902
0.899
0.906
0.896
0.906
0.897
0.896
0.895
0.903
0.901
0.902
0.902
0.902
0.902
0.895
0.898
0.898
0.897
0.895
0.901
0.9
0.901
0.9
0.898
0.904
0.897
0.898
0.894
0.886
0.895
0.887
0.881
0.871
0.866
0.872
0.87
0.874
0.869
0.872
0.881
0.88
0.881
0.877
0.88
0.875
0.869
0.865
0.865
0.865
0.864
0.865
0.864
0.857
0.869
0.857
0.853
0.853
0.849
0.854
0.844
0.84
0.83
0.823
0.819
0.81
0.801
0.795
0.784
0.775
0.767
0.763
0.755
0.753
0.747
0.746
0.746
0.742
0.74
0.752
0.753
0.748
0.747
0.744
0.743
0.741
0.742
0.743
0.742
0.739
0.741
0.733
0.736
0.733
0.731
0.733
0.737
0.729
0.743
0.735
0.736
0.733
0.738
0.734
0.734
0.733
0.727
0.736
0.732
0.735
0.732
0.734
0.735
0.732
0.736
0.74
0.736
0.733
0.734
0.736
0.739
0.734
0.733
0.736
0.736
0.738
0.729
0.732
0.73
0.733
0.735
0.73
0.733
0.73
0.731
0.733
0.737
0.733
0.731
0.734
0.735
0.73
0.735
0.743
0.733
0.731
0.735
0.73
0.734
0.741
0.729
0.735
0.734
0.735
0.741
0.739
0.734
0.734
0.734
0.733
0.731
0.735
0.731
0.735
0.732
0.734
0.735
0.732
0.734
0.735
0.728
0.734
0.732
0.732
0.728
0.738
0.731
0.736
0.731
0.731
0.732
0.739
0.733
0.729
0.737
0.736
0.743
0.738
0.732
0.731
0.736
0.739
0.736
0.732
0.736
0.735
0.731
0.732
0.734
0.739
0.732
0.73
0.737
0.734
0.739
0.727
0.732
0.737
0.734
0.734
0.734
0.73
0.744
0.735
0.741
0.735
0.733
0.734
0.738
0.73
0.733
0.733
0.742
0.732
0.738
0.734
0.735
0.735
0.74
0.732
0.733
0.736
0.736
0.733
0.737
0.731
0.727
0.734
0.737
0.732
0.725
0.73
0.732
0.738
0.739
0.736
0.735
0.739
0.734
0.73
0.728
0.733
0.734
0.735
0.729
0.736
0.741
0.733
0.739
0.738
0.731
0.735
0.734
0.729
0.734
0.736
0.732
0.735
0.735
0.734
0.736
0.729
0.732
0.739
0.73
0.731
0.736
0.73
0.731
0.735
0.732
0.734
0.737
0.73
0.733
0.733
0.734
0.737
0.734
0.737
0.735
0.735
0.734
0.736
0.738
0.739
0.741
0.728
0.73
0.729
0.731
0.737
0.735
0.73
0.733
0.734
0.734
0.731
0.736
0.735
0.733
0.734
0.739
0.738
0.731
0.736
0.73
0.739
0.737
0.732
0.734
0.73
0.736
0.733
0.739
0.735
0.731
0.739
0.737
0.726
0.741
0.741
0.737
0.731
0.732
0.737
0.739
0.737
0.735
0.74
0.735
0.736
0.734
0.738
0.73
0.733
0.738
0.734
0.729
0.736
0.733
0.735
0.728
0.735
0.738
0.734
0.736
0.734
0.728
0.735
0.733
0.732
0.732
0.731
0.736
0.733
0.734
0.736
0.737
0.734
0.739
0.732
0.728
0.734
0.739
0.736
0.731
0.736
0.728
0.738
0.735
0.731
0.738
0.738
0.73
0.735
0.739
0.739
0.737
0.734
0.741
0.732
0.735
0.735
0.733
0.734
0.734
0.739
0.737
0.737
0.737
0.734
0.744
0.733
0.737
0.728
0.735
0.735
0.733
0.733
0.735
0.737
0.736
0.732
0.737
0.734
0.732
0.738
0.728
0.74
0.735
0.739
0.733
0.729
0.731
0.734
0.727
0.732
0.735
0.735
0.736
0.734
0.733
0.732
0.738
0.732
0.734
0.733
0.737
0.732
0.733
0.733
0.734
0.732
0.732
0.738
0.734
0.734
0.729
0.731
0.731
0.732
0.732
0.732
0.732
0.735
0.735
0.734
0.733
0.734
0.732
0.734
0.731
0.731
0.734
0.736
0.736
0.732
0.734
0.738
0.736
0.734
0.73
0.735
0.736
0.74
0.731
0.74
0.731
0.737
0.733
0.737
0.73
0.728
0.731
0.735
0.733
0.744
0.737
0.735
0.734
0.732
0.733
0.74
0.743
0.737
0.734
0.739
0.738
0.727
0.731
0.737
0.733
0.738
0.737
0.731
0.727
0.73
0.738
0.731
0.734
0.74
0.734
0.732
0.737
0.74
0.734
0.73
0.732
0.734
0.732
0.73
0.734
0.731
0.739
0.732
0.732
0.732
0.734
0.737
0.736
0.735
0.73
0.73
0.734
0.732
0.732
0.731
0.735
0.732
0.732
0.737
0.737
0.737
0.735
0.733
0.735
0.735
0.737
0.735
0.737
0.736
0.735
0.738
0.732
0.733
0.735
0.736
0.737
0.738
0.734
0.735
0.735
0.731
0.737
0.738
0.739
0.734
0.736
0.731
0.737
0.743
0.737
0.729
0.729
0.735
0.739
0.74
0.734
0.739
0.731
0.731
0.737
0.73
0.733
0.728
0.735
0.74
0.733
0.735
0.73
0.736
0.736
0.741
0.731
0.736
0.739
0.738
0.733
0.735
0.728
0.732
0.738
0.742
0.732
0.738
0.735
0.735
0.731
0.732
0.735
0.732
0.735
0.73
0.726
0.735
0.727
0.732
0.736
0.732
0.735
0.727
0.731
0.736
0.739
0.734
0.732
0.736
0.733
0.732
0.728
0.735
0.737
0.737
0.734
0.736
0.731
0.732
0.735
0.733
0.735
0.73
0.731
0.728
0.735
0.737
0.738
0.736
0.731
0.736
0.733
0.729
0.737
0.736
0.735
0.732
0.739
0.739
0.734
0.734
0.734
0.732
0.735
0.735
0.733
0.737
0.733
0.74
0.731
0.735
0.736
0.74
0.731
0.736
0.735
0.729
0.736
0.738
0.736
0.729
0.733
0.743
0.733
0.74
0.734
0.739
0.735
0.739
0.729
0.73
0.735
0.732
0.732
0.735
0.736
0.732
0.732
0.729
0.734
0.733
0.738
0.735
0.733
0.736
0.73
0.729
0.736
0.733
0.734
0.741
0.73
0.734
0.736
0.731
0.729
0.736
0.731
0.737
0.737
0.74
0.735
0.737
0.737
0.737
0.735
0.735
0.728
0.731
0.733
0.731
0.731
0.737
0.734
0.727
0.734
0.731
0.741
0.736
0.729
0.733
0.734
0.738
0.74
0.737
0.74
0.738
0.74
0.734
0.73
0.734
0.734
0.734
0.733
0.735
0.731
0.74
0.742
0.735
0.728
0.734
0.73
0.734
0.741
0.735
0.737
0.739
0.741
0.738
0.736
0.733
0.737
0.742
0.74
0.75
0.749
0.758
0.76
0.771
0.779
0.788
0.804
0.799
0.807
0.82
0.816
0.806
0.787
0.782
0.794
0.798
0.812
0.82
0.82
0.835
0.839
0.847
0.848
0.855
0.869
0.871
0.875
0.878
0.887
0.882
0.889
0.89
0.882
0.887
0.879
0.872
0.875
0.873
0.876
0.865
0.875
0.874
0.875
0.876
0.879
0.881
0.883
0.885
0.884
0.885
0.882
0.872
0.882
0.874
0.875
0.864
0.869
0.867
0.867
0.869
0.878
0.871
0.863
0.869
0.874
0.871
0.87
0.87
0.87
0.869
0.872
0.866
0.873
0.868
0.869
0.876
0.872
0.875
0.868
0.868
0.868
0.876
0.871
0.868
0.87
0.866
0.873
0.87
0.871
0.868
0.872
0.876
0.87
0.871
0.871
0.872
0.871
0.87
0.873
0.874
0.875
0.871
0.87
0.875
0.873
0.871
0.872
0.874
0.868
0.872
0.869
0.874
0.87
0.871
0.861
0.866
0.873
0.872
0.869
0.871
0.875
0.874
0.875
0.87
0.871
0.869
0.868
0.867
0.876
0.871
0.877
0.867
0.87
0.866
0.872
0.864
0.869
0.87
0.872
0.873
0.869
0.875
0.869
0.878
0.869
0.867
0.869
0.87
0.867
0.868
0.873
0.869
0.871
0.872
0.87
0.871
0.877
0.873
0.873
0.874
0.87
0.868
0.872
0.87
0.869
0.863
0.869
0.87
0.872
0.872
0.877
0.871
0.876
0.871
0.869
0.871
0.871
0.87
0.872
0.869
0.871
0.868
0.868
0.868
0.869
0.869
0.869
0.867
0.868
0.877
0.875
0.873
0.869
0.867
0.869
0.871
0.873
0.867
0.872
0.87
0.873
0.868
0.872
0.87
0.874
0.87
0.87
0.87
0.871
0.871
0.864
0.867
0.87
0.873
0.87
0.871
0.867
0.865
0.874
0.875
0.865
0.866
0.869
0.868
0.868
0.863
0.871
0.872
0.88
0.872
0.872
0.876
0.866
0.877
0.876
0.867
0.868
0.867
0.869
0.874
0.872
0.87
0.871
0.872
0.875
0.867
0.871
0.869
0.875
0.871
0.864
0.879
0.873
0.874
0.876
0.872
0.87
0.878
0.869
0.873
0.866
0.872
0.87
0.873
0.875
0.867
0.873
0.873
0.872
0.872
0.877
0.871
0.871
0.873
0.872
0.868
0.869
0.867
0.877
0.869
0.869
0.868
0.872
0.866
0.865
0.867
0.874
0.871
0.877
0.869
0.868
0.866
0.873
0.868
0.866
0.875
0.875
0.875
0.877
0.867
0.868
0.874
0.881
0.868
0.872
0.87
0.872
0.872
0.869
0.878
0.867
0.874
0.874
0.872
0.872
0.866
0.874
0.872
0.875
0.871
0.867
0.871
0.87
0.873
0.872
0.872
0.869
0.872
0.868
0.87
0.871
0.873
0.866
0.868
0.872
0.868
0.873
0.874
0.868
0.87
0.869
0.869
0.877
0.877
0.869
0.866
0.871
0.871
0.871
0.873
0.869
0.866
0.875
0.872
0.868
0.869
0.869
0.874
0.865
0.872
0.867
0.877
0.871
0.874
0.873
0.869
0.869
0.872
0.874
0.869
0.869
0.875
0.876
0.871
0.874
0.872
0.865
0.87
0.867
0.866
0.872
0.872
0.873
0.868
0.871
0.872
0.872
0.877
0.868
0.874
0.871
0.872
0.87
0.869
0.872
0.87
0.875
0.869
0.869
0.736
0.734
0.74
0.736
0.732
0.735
0.737
0.739
0.733
0.74
0.734
0.737
0.734
0.734
0.734
0.736
0.733
0.735
0.732
0.736
0.731
0.737
0.733
0.735
0.737
0.736
0.735
0.734
0.735
0.732
0.738
0.738
0.734
0.732
0.738
0.736
0.732
0.736
0.731
0.74
0.736
0.733
0.733
0.736
0.736
0.736
0.74
0.73
0.737
0.735
0.735
0.732
0.739
0.729
0.737
0.737
0.737
0.731
0.742
0.737
0.734
0.742
0.738
0.733
0.737
0.739
0.734
0.733
0.737
0.727
0.732
0.738
0.731
0.734
0.729
0.736
0.73
0.737
0.74
0.734
0.736
0.739
0.744
0.738
0.741
0.735
0.74
0.735
0.736
0.738
0.739
0.732
0.737
0.739
0.738
0.744
0.738
0.738
0.739
0.735
0.737
0.734
0.735
0.735
0.733
0.734
0.738
0.737
0.741
0.731
0.738
0.735
0.739
0.732
0.731
0.73
0.741
0.735
0.735
0.739
0.742
0.734
0.741
0.733
0.744
0.74
0.74
0.732
0.735
0.734
0.732
0.733
0.73
0.736
0.735
0.729
0.739
0.731
0.683
0.685
0.683
0.682
0.686
0.688
0.683
0.689
0.683
0.683
0.69
0.688
0.682
0.684
0.687
0.679
0.688
0.686
0.688
0.687
0.691
0.683
0.679
0.688
0.688
0.685
0.685
0.688
0.688
0.688
0.689
0.688
0.688
0.681
0.686
0.691
0.692
0.679
0.551
0.404
0.375
0.379
0.373
0.375
0.377
0.375
0.375
0.378
0.382
0.379
0.371
0.378
0.383
0.381
0.374
0.379
0.376
0.379
0.375
0.38
0.379
0.382
0.383
0.397
0.69
0.696
0.698
0.695
0.701
0.702
0.702
0.701
0.708
0.701
0.7
0.707
0.697
0.705
0.702
0.699
0.698
0.699
0.698
0.698
0.708
0.706
0.704
0.702
0.701
0.702
0.701
0.698
0.706
0.702
0.701
0.705
0.705
0.701
0.703
0.705
0.701
0.703
0.699
0.696
0.702
0.701
0.702
0.699
0.704
0.701
0.702
0.704
0.708
0.705
0.699
0.703
0.703
0.705
0.708
0.703
0.706
0.698
0.699
0.706
0.705
0.706
0.701
0.702
0.703
0.703
0.699
0.703
0.703
0.708
0.704
0.699
0.707
0.697
0.705
0.705
0.702
0.695
0.702
0.711
0.702
0.702
0.701
0.706
0.7
0.703
0.704
0.706
0.7
0.703
0.697
0.702
0.702
0.706
0.701
0.703
0.701
0.699
0.704
0.7
0.705
0.705
0.705
0.7
0.704
0.709
0.701
0.697
0.697
0.705
0.706
0.695
0.699
0.7
0.7
0.702
0.701
0.7
0.707
0.706
0.699
0.713
0.704
0.701
0.702
0.704
0.703
0.7
0.701
0.708
0.707
0.705
0.707
0.699
0.701
0.701
0.704
0.697
0.703
0.704
0.71
0.702
0.703
0.697
0.704
0.704
0.702
0.703
0.703
0.704
0.697
0.702
0.7
0.701
0.704
0.705
0.7
0.704
0.705
0.7
0.7
0.699
0.696
0.7
0.7
0.705
0.7
0.701
0.705
0.704
0.707
0.706
0.707
0.698
0.71
0.712
0.7
0.703
0.701
0.704
0.704
0.7
0.704
0.698
0.706
0.704
0.702
0.704
0.71
0.704
0.702
0.7
0.71
0.706
0.707
0.703
0.709
0.699
0.701
0.707
0.702
0.699
0.702
0.704
0.703
0.701
0.706
0.705
0.703
0.704
0.697
0.703
0.702
0.703
0.703
0.71
0.706
0.704
0.706
0.704
0.702
0.699
0.702
0.702
0.704
0.707
0.699
0.697
0.708
0.703
0.704
0.702
0.711
0.709
0.704
0.703
0.7
0.703
0.707
0.704
0.699
0.706
0.705
0.701
0.706
0.698
0.699
0.705
0.699
0.7
0.703
0.706
0.702
0.706
0.709
0.709
0.701
0.706
0.705
0.705
0.705
0.709
0.705
0.706
0.695
0.703
0.704
0.711
0.705
0.704
0.702
0.701
0.704
0.702
0.708
0.707
0.701
0.704
0.707
0.702
0.703
0.704
0.699
0.699
0.697
0.695
0.701
0.707
0.699
0.704
0.701
0.699
0.7
0.704
0.705
0.705
0.7
0.702
0.702
0.705
0.698
0.698
0.7
0.7
0.699
0.699
0.708
0.701
0.704
0.704
0.702
0.703
0.702
0.699
0.698
0.699
0.693
0.702
0.703
0.695
0.699
0.703
0.699
0.707
0.697
0.702
0.699
0.702
0.7
0.701
0.694
0.703
0.698
0.703
0.701
0.701
0.705
0.698
0.699
0.699
0.702
0.703
0.704
0.693
0.704
0.706
0.706
0.705
0.701
0.694
0.696
0.706
0.696
0.7
0.7
0.702
0.703
0.705
0.703
0.702
0.704
0.704
0.705
0.704
0.7
0.708
0.705
0.704
0.706
0.701
0.703
0.696
0.702
0.702
0.701
0.712
0.707
0.71
0.698
0.705
0.701
0.709
0.699
0.695
0.701
0.702
0.701
0.702
0.702
0.701
0.7
0.695
0.696
0.7
0.702
0.704
0.696
0.701
0.705
0.702
0.704
0.703
0.699
0.704
0.707
0.703
0.708
0.705
0.7
0.709
0.695
0.705
0.699
0.703
0.701
0.701
0.703
0.7
0.705
0.706
0.701
0.705
0.701
0.702
0.703
0.702
0.708
0.701
0.696
0.701
0.705
0.704
0.697
0.703
0.705
0.701
0.693
0.703
0.703
0.702
0.701
0.707
0.709
0.706
0.702
0.711
0.703
0.703
0.708
0.698
0.699
0.695
0.701
0.701
0.699
0.702
0.702
0.704
0.707
0.697
0.706
0.702
0.696
0.697
0.698
0.707
0.698
0.703
0.697
0.697
0.699
0.698
0.703
0.699
0.702
0.701
0.698
0.702
0.7
0.698
0.701
0.7
0.703
0.694
0.695
0.7
0.7
0.705
0.697
0.697
0.699
0.695
0.698
0.697
0.698
0.698
0.7
0.697
0.695
0.701
0.706
0.698
0.697
0.692
0.7
0.696
0.7
0.701
0.703
0.703
0.698
0.702
0.697
0.699
0.702
0.704
0.706
0.701
0.702
0.702
0.698
0.707
0.701
0.699
0.708
0.7
0.704
0.702
0.702
0.702
0.7
0.7
0.704
0.701
0.702
0.7
0.694
0.695
0.7
0.697
0.701
0.696
0.697
0.7
0.707
0.7
0.699
0.703
0.704
0.702
0.698
0.7
0.7
0.7
0.701
0.703
0.697
0.705
0.698
0.699
0.69
0.699
0.706
0.7
0.698
0.696
0.704
0.706
0.698
0.699
0.701
0.703
0.702
0.701
0.703
0.695
0.7
0.707
0.702
0.7
0.702
0.704
0.704
0.699
0.701
0.702
0.698
0.702
0.704
0.704
0.699
0.7
0.703
0.704
0.701
0.701
0.698
0.698
0.701
0.705
0.691
0.697
0.701
0.698
0.704
0.7
0.702
0.699
0.703
0.706
0.7
0.693
0.7
0.7
0.7
0.697
0.696
0.7
0.753
0.752
0.753
0.748
0.753
0.754
0.756
0.761
0.754
0.749
0.759
0.758
0.755
0.753
0.756
0.753
0.755
0.75
0.751
0.754
0.758
0.752
0.753
0.752
0.757
0.753
0.751
0.751
0.752
0.761
0.753
0.755
0.75
0.758
0.754
0.759
0.754
0.756
0.753
0.753
0.754
0.755
0.754
0.752
0.755
0.757
0.752
0.755
0.752
0.755
0.747
0.754
0.75
0.754
0.744
0.75
0.76
0.752
0.758
0.758
0.756
0.753
0.754
0.759
0.755
0.753
0.761
0.756
0.759
0.749
0.754
0.756
0.756
0.755
0.755
0.755
0.754
0.756
0.756
0.758
0.757
0.754
0.753
0.753
0.752
0.754
0.762
0.756
0.751
0.754
0.752
0.75
0.752
0.758
0.759
0.75
0.752
0.761
0.755
0.76
0.76
0.754
0.758
0.748
0.75
0.756
0.757
0.75
0.748
0.759
0.752
0.75
0.75
0.755
0.752
0.751
0.753
0.755
0.756
0.753
0.756
0.756
0.76
0.751
0.754
0.752
0.761
0.756
0.752
0.765
0.754
0.756
0.75
0.749
0.757
0.757
0.757
0.755
0.756
0.757
0.756
0.753
0.753
0.759
0.755
0.75
0.754
0.76
0.75
0.753
0.752
0.756
0.757
0.757
0.755
0.755
0.753
0.749
0.755
0.755
0.746
0.755
0.755
0.752
0.758
0.754
0.753
0.751
0.762
0.75
0.751
0.756
0.756
0.749
0.756
0.755
0.752
0.753
0.751
0.76
0.753
0.754
0.755
0.757
0.75
0.757
0.754
0.756
0.75
0.757
0.755
0.747
0.751
0.756
0.752
0.751
0.759
0.756
0.75
0.759
0.754
0.754
0.753
0.749
0.754
0.761
0.753
0.751
0.755
0.748
0.756
0.756
0.752
0.753
0.76
0.754
0.749
0.759
0.753
0.756
0.756
0.754
0.762
0.753
0.755
0.753
0.756
0.746
0.751
0.754
0.747
0.763
0.754
0.75
0.752
0.754
0.751
0.761
0.757
0.755
0.755
0.757
0.753
0.751
0.757
0.765
0.754
0.759
0.753
0.757
0.752
0.759
0.749
0.751
0.755
0.752
0.752
0.758
0.75
0.754
0.76
0.752
0.751
0.762
0.752
0.754
0.749
0.754
0.751
0.755
0.76
0.753
0.756
0.753
0.759
0.755
0.755
0.758
0.755
0.756
0.754
0.749
0.753
0.757
0.755
0.755
0.756
0.751
0.747
0.75
0.752
0.76
0.749
0.747
0.758
0.748
0.753
0.752
0.749
0.758
0.75
0.752
0.747
0.759
0.755
0.76
0.753
0.755
0.748
0.759
0.755
0.757
0.755
0.75
0.753
0.752
0.75
0.75
0.755
0.751
0.752
0.743
0.757
0.758
0.748
0.751
0.753
0.756
0.76
0.751
0.755
0.751
0.756
0.755
0.755
0.753
0.754
0.755
0.756
0.76
0.754
0.748
0.762
0.753
0.752
0.753
0.755
0.757
0.758
0.759
0.75
0.753
0.754
0.749
0.756
0.75
0.752
0.75
0.752
0.752
0.754
0.749
0.752
0.754
0.753
0.756
0.752
0.752
0.755
0.759
0.758
0.748
0.749
0.752
0.756
0.747
0.75
0.753
0.754
0.752
0.756
0.751
0.753
0.762
0.761
0.755
0.755
0.756
0.757
0.756
0.753
0.752
0.751
0.757
0.749
0.756
0.758
0.754
0.746
0.762
0.759
0.756
0.75
0.75
0.756
0.752
0.759
0.755
0.757
0.758
0.753
0.748
0.752
0.756
0.751
0.758
0.758
0.755
0.749
0.748
0.752
0.75
0.764
0.75
0.759
0.751
0.753
0.756
0.759
0.756
0.754
0.755
0.754
0.748
0.756
0.753
0.754
0.755
0.753
0.756
0.76
0.757
0.756
0.758
0.749
0.756
0.752
0.758
0.749
0.758
0.756
0.754
0.76
0.754
0.752
0.755
0.757
0.754
0.756
0.759
0.754
0.755
0.756
0.757
0.747
0.755
0.757
0.754
0.751
0.756
0.755
0.752
0.754
0.753
0.752
0.751
0.748
0.75
0.756
0.749
0.714
0.721
0.716
0.723
0.723
0.733
0.727
0.734
0.735
0.737
0.749
0.753
0.731
0.624
0.531
0.455
0.452
0.453
0.449
0.452
0.451
0.46
0.457
0.464
0.467
0.463
0.468
0.469
0.476
0.471
0.475
0.468
0.467
0.472
0.472
0.474
0.472
0.471
0.462
0.461
0.466
0.458
0.465
0.457
0.463
0.463
0.461
0.46
0.456
0.46
0.453
0.457
0.46
0.459
0.513
0.579
0.646
0.751
0.755
0.763
0.746
0.747
0.742
0.743
0.738
0.741
0.739
0.742
0.735
0.728
0.735
0.733
0.73
0.732
0.729
0.735
0.727
0.724
0.72
0.719
0.715
0.715
0.719
0.711
0.709
0.712
0.708
0.715
0.745
0.759
0.753
0.756
0.757
0.763
0.755
0.754
0.754
0.759
0.749
0.762
0.762
0.759
0.749
0.753
0.756
0.758
0.749
0.754
0.757
0.755
0.754
0.758
0.762
0.756
0.755
0.757
0.756
0.752
0.753
0.759
0.76
0.764
0.758
0.758
0.756
0.755
0.754
0.756
0.757
0.752
0.757
0.756
0.758
0.763
0.757
0.754
0.754
0.754
0.753
0.752
0.754
0.759
0.754
0.757
0.764
0.747
0.751
0.758
0.756
0.753
0.751
0.756
0.747
0.747
0.746
0.741
0.746
0.747
0.744
0.744
0.744
0.739
0.744
0.744
0.743
0.752
0.747
0.742
0.754
0.747
0.746
0.742
0.749
0.748
0.745
0.751
0.744
0.749
0.744
0.741
0.747
0.745
0.742
0.748
0.745
0.746
0.747
0.737
0.747
0.744
0.744
0.747
0.745
0.75
0.752
0.752
0.747
0.752
0.747
0.747
0.746
0.746
0.742
0.75
0.748
0.746
0.749
0.742
0.744
0.75
0.752
0.747
0.748
0.748
0.749
0.748
0.752
0.738
0.748
0.744
0.751
0.753
0.746
0.742
0.747
0.744
0.749
0.747
0.747
0.743
0.744
0.754
0.747
0.748
0.744
0.744
0.748
0.747
0.742
0.745
0.744
0.743
0.749
0.746
0.744
0.743
0.751
0.748
0.747
0.748
0.751
0.75
0.743
0.74
0.748
0.744
0.742
0.742
0.742
0.747
0.747
0.742
0.747
0.746
0.747
0.747
0.748
0.747
0.745
0.745
0.75
0.749
0.742
0.747
0.746
0.746
0.751
0.747
0.743
0.746
0.748
0.753
0.745
0.746
0.742
0.745
0.749
0.745
0.745
0.744
0.743
0.746
0.746
0.747
0.747
0.746
0.748
0.75
0.747
0.741
0.746
0.745
0.743
0.75
0.742
0.746
0.743
0.744
0.752
0.742
0.748
0.748
0.741
0.743
0.75
0.746
0.738
0.75
0.749
0.739
0.747
0.749
0.743
0.744
0.745
0.742
0.744
0.741
0.743
0.746
0.747
0.75
0.743
0.745
0.742
0.742
0.747
0.741
0.74
0.749
0.739
0.744
0.749
0.745
0.749
0.743
0.746
0.749
0.75
0.739
0.746
0.749
0.742
0.74
0.751
0.742
0.747
0.747
0.743
0.747
0.738
0.74
0.743
0.743
0.743
0.743
0.724
0.7
0.69
0.693
0.692
0.694
0.693
0.697
0.697
0.692
0.694
0.687
0.687
0.701
0.688
0.686
0.695
0.699
0.696
0.691
0.693
0.691
0.692
0.692
0.691
0.697
0.697
0.692
0.698
0.693
0.704
0.689
0.698
0.688
0.693
0.691
0.692
0.689
0.686
0.692
0.676
0.576
0.378
0.377
0.382
0.381
0.38
0.377
0.379
0.379
0.374
0.375
0.375
0.376
0.38
0.384
0.382
0.375
0.377
0.375
0.377
0.372
0.38
0.374
0.378
0.379
0.376
0.38
0.415
0.688
0.693
0.696
0.692
0.692
0.696
0.689
0.687
0.692
0.692
0.693
0.692
0.697
0.7
0.692
0.685
0.694
0.688
0.692
0.689
0.692
0.696
0.692
0.697
0.682
0.691
0.694
0.689
0.685
0.687
0.689
0.688
0.688
0.689
0.689
0.689
0.687
0.688
0.685
0.692
0.68
0.688
0.684
0.686
0.69
0.681
0.683
0.689
0.686
0.682
0.681
0.68
0.684
0.683
0.678
0.681
0.683
0.675
0.681
0.681
0.674
0.677
0.68
0.674
0.677
0.684
0.674
0.678
0.674
0.679
0.674
0.673
0.672
0.672
0.664
0.668
0.67
0.668
0.671
0.658
0.664
0.665
0.658
0.668
0.661
0.659
0.661
0.656
0.664
0.661
0.649
0.656
0.642
0.356
0.342
0.341
0.339
0.341
0.341
0.336
0.33
0.338
0.334
0.34
0.333
0.327
0.343
0.331
0.334
0.326
0.331
0.334
0.327
0.336
0.426
0.637
2.857
2.859
2.871
2.867
2.86
2.865
2.869
2.876
2.87
2.863
2.859
2.863
2.861
2.866
2.876
2.874
2.866
2.87
2.866
2.865
2.866
2.868
2.867
2.864
2.871
2.866
2.872
2.876
2.874
2.862
2.871
2.86
2.865
2.875
2.861
2.872
2.869
2.861
2.867
2.868
2.867
2.867
2.867
2.87
2.871
2.869
2.86
2.88
2.863
2.875
2.863
2.863
2.867
2.863
2.872
2.869
2.864
2.861
2.855
2.871
2.874
2.872
2.871
2.867
2.855
2.868
2.866
2.873
2.868
2.87
2.871
2.874
2.873
2.87
2.863
2.862
2.864
2.863
2.865
2.868
2.869
2.873
2.853
2.862
2.862
2.865
2.865
2.868
2.867
2.863
2.869
2.864
2.869
2.863
2.863
2.867
2.867
2.86
2.875
2.869
2.869
2.857
2.868
2.871
2.869
2.871
2.872
2.869
2.865
2.867
2.859
2.869
2.867
2.862
2.867
2.869
2.871
2.87
2.864
2.863
2.868
2.866
2.865
2.865
2.861
2.867
2.859
2.873
2.873
2.869
2.862
2.867
2.863
2.865
2.867
2.862
2.868
2.865
2.87
2.862
2.871
2.866
2.873
2.863
2.869
2.874
2.872
2.871
2.871
2.864
2.867
0.394
0.388
0.388
0.394
0.412
0.416
0.439
2.882
2.871
2.865
2.866
2.867
2.861
2.871
2.869
2.863
2.865
2.873
2.866
2.866
2.871
2.871
2.868
2.872
2.859
2.875
2.867
2.878
2.873
2.861
2.855
2.81
0.396
0.379
0.384
0.39
2.862
2.868
2.863
2.873
2.86
2.869
2.869
2.875
2.86
2.865
2.869
2.859
2.867
2.865
2.862
2.862
2.868
2.859
2.864
2.867
2.873
2.872
2.867
2.869
2.866
2.864
2.872
2.865
2.876
2.867
2.872
2.864
2.866
2.872
2.874
2.871
2.87
2.868
2.863
2.866
2.863
2.861
2.863
2.864
2.871
2.877
2.876
2.865
0.316
0.317
0.317
0.312
0.314
0.316
0.319
0.307
0.312
0.307
0.301
0.303
0.303
0.307
0.302
0.297
0.296
0.31
0.312
0.301
0.301
0.307
0.299
0.299
0.301
0.303
0.305
0.3
0.301
0.295
0.3
0.298
0.297
0.3
0.3
0.305
0.291
0.304
0.301
0.297
0.302
0.292
0.295
0.297
0.299
0.299
0.301
0.299
0.292
0.3
0.3
0.3
0.294
0.301
0.297
0.296
0.296
0.301
0.305
0.296
0.3
0.303
0.301
0.296
0.299
0.301
0.304
0.307
0.306
0.308
0.302
0.303
0.305
2.864
2.867
2.866
2.866
2.874
2.866
2.871
2.872
2.868
2.872
2.871
2.857
2.862
2.869
2.863
2.865
2.869
2.869
2.859
2.855
2.861
2.869
2.871
2.867
2.866
2.861
2.876
2.868
2.873
2.871
2.853
2.864
2.873
2.868
2.87
2.874
2.868
2.867
2.872
2.863
2.855
2.865
2.856
2.861
2.871
2.866
2.868
2.876
2.865
2.866
2.863
2.873
2.866
2.869
2.873
2.864
2.861
2.862
2.871
2.87
2.871
2.87
2.861
2.861
2.871
2.866
2.863
2.862
2.868
2.87
2.865
2.876
2.873
2.86
2.862
2.869
2.868
2.863
2.865
2.865
2.859
2.869
2.867
2.868
2.871
2.873
2.864
0.281
0.269
0.277
0.282
0.28
0.273
0.274
0.287
0.275
0.276
0.274
0.273
0.279
0.272
0.277
0.275
0.281
0.283
0.276
0.273
0.276
0.274
0.273
0.272
0.28
0.277
0.279
0.275
0.277
0.278
0.28
0.278
0.275
0.283
0.278
0.281
0.274
0.277
0.277
0.274
0.273
0.273
0.278
0.282
0.279
0.279
0.275
0.274
0.276
0.28
0.281
0.275
0.278
0.278
0.277
0.272
0.277
0.271
0.275
0.273
0.283
0.274
0.279
0.269
0.269
2.86
